                                        Oakland Oaks
-----------------------------------------------------------------------------------
                       G  MIN  FG%   FT%   3P%   REB   A    PF  BLK   TO  STL   PTS
-----------------------------------------------------------------------------------

KarlAnthony Towns     82  32  55.9  80.7  33.3  10.4  2.2  3.4  1.8  2.6  0.8  19.5
Al Horford            82  32  51.9  79.7  34.1   7.2  3.5  2.3  1.6  1.5  0.9  15.8
Fats Jenkins          72  32  43.8  79.5  34.1   3.0  5.9  2.1  0.2  2.9  1.8  15.6
Jabari Parker         76  31  50.8  76.4  24.0   5.2  1.9  2.3  0.4  1.8  1.0  15.1
Enes Kanter           82  21  59.4  79.5  46.7   8.1  0.4  2.3  0.4  1.6  0.4  13.6
Emmanuel Mudiay       68  30  37.6  66.9  31.7   3.4  6.0  2.4  0.5  3.7  1.1  13.4
Bill Sharman          75  22  49.7  88.3  36.9   2.3  1.2  2.0  0.0  1.3  1.2  12.5
CJ McCollum           22  21  42.7  67.5  37.1   2.2  1.4  2.7  0.1  1.8  0.7   9.6
Tom Boerwinkle        81  29  45.5  66.7  25.0  10.3  2.8  2.9  1.1  1.6  0.8   9.1
Jusuf Nurkic          32  17  42.9  61.0   0.0   5.4  1.4  3.3  1.5  2.0  0.8   8.9
Jose Calderon         78  26  44.7  84.0  32.1   2.3  3.3  2.2  0.2  1.5  1.0   8.5
Brad Miller           55  17  47.9  79.0   0.0   5.4  0.9  2.0  0.7  0.9  0.5   8.5
Darrell Armstrong     67  15  39.1  88.8  29.8   1.2  2.9  1.8  0.1  1.6  1.0   6.8
Larry Nance           80  15  49.4  64.9  12.5   3.2  1.0  1.9  0.9  1.2  0.5   6.2
-----------------------------------------------------------------------------------





                                        San Diego Qs
-----------------------------------------------------------------------------------
                       G  MIN  FG%   FT%   3P%   REB   A    PF  BLK   TO  STL   PTS
-----------------------------------------------------------------------------------

Kobe Bryant           73  39  46.1  80.6  32.8   5.6  5.8  2.8  0.3  3.7  1.9  29.0
Walt Bellamy          81  42  56.8  66.6  28.6  13.8  2.7  3.2  3.0  2.7  1.0  27.1
Brandon Roy           65  37  47.8  77.3  32.7   4.6  5.4  2.3  0.3  2.3  1.1  23.1
Marvin Barnes         65  37  50.3  72.3  33.3   9.2  2.3  3.8  1.8  2.9  1.6  21.9
Tom Heinsohn          81  30  46.9  84.8  35.1   6.9  2.1  3.2  1.2  2.1  1.0  19.2
Sleepy Floyd          82  37  47.4  84.9  43.5   3.2  9.8  2.3  0.2  3.3  1.8  19.0
Cedric Maxwell        80  37  56.0  80.3  20.0   9.5  2.7  3.1  0.9  2.9  1.2  17.8
Bob Dandridge         80  37  51.1  74.5  29.6   6.5  3.2  3.6  0.7  2.8  1.7  17.5
Ray Williams          72  30  37.7  78.3  31.6   4.4  7.5  3.1  0.3  4.0  1.6  15.9
Gerald Wallace        72  36  47.2  80.1  30.9   6.9  3.3  3.0  0.6  2.2  1.7  15.5
Sam Lacey             79  37  48.4  69.9  29.2  10.2  2.3  3.6  2.4  2.8  1.6  12.8
Zydrunas Ilgauskas    62  21  44.6  75.5   0.0   5.5  1.3  3.3  1.4  1.8  0.3  12.6
Maurice Cheeks        79  33  52.3  77.0  50.0   3.4  6.7  2.4  0.4  2.4  2.1  10.9
Horace Grant          81  22  48.6  61.5   0.0   5.5  1.0  2.6  0.6  1.0  0.6   7.3
-----------------------------------------------------------------------------------





                                        Utah Stars
-----------------------------------------------------------------------------------
                       G  MIN  FG%   FT%   3P%   REB   A    PF  BLK   TO  STL   PTS
-----------------------------------------------------------------------------------

Michael Jordan        82  38  48.1  80.1  24.6   6.1  3.9  1.9  0.6  2.4  1.8  32.1
Rudy Tomjanovich      80  40  54.4  82.7  35.9   8.1  3.1  2.8  0.9  1.6  1.1  25.8
Blake Griffin         35  33  51.3  72.3  30.8   8.3  5.3  3.1  0.5  2.7  0.9  23.0
Shaquille O'Neal      59  30  61.6  47.5   0.0   9.7  2.3  4.0  2.0  3.3  0.5  22.3
Paul Westphal         81  32  51.9  82.7  35.5   2.2  5.8  1.9  0.3  2.7  1.5  22.1
Warren Jabali         39  38  43.9  72.5  36.7   7.5  5.3  3.1  1.3  4.3  1.8  19.9
Jamaal Wilkes         76  34  47.9  80.0  28.2   7.0  2.9  2.7  0.2  2.0  1.6  17.1
Walt Frazier          80  37  53.3  78.5  32.6   4.8  8.4  2.8  0.3  2.5  2.6  16.8
Greg Monroe           79  29  53.8  73.8   0.0   8.8  2.5  2.4  0.9  1.9  1.0  16.5
Louis Williams        75  23  41.4  81.0  34.2   2.1  3.8  1.9  0.2  1.6  0.7  14.8
Tim Duncan            76  28  50.8  70.6   0.0   9.4  3.1  1.8  2.1  1.9  0.8  14.6
Andrew Toney          75  23  47.5  71.4  41.5   1.9  3.5  2.9  0.1  2.6  0.8  13.4
Shawn Marion          67  30  53.0  78.0  31.7   8.1  2.7  1.9  0.7  1.7  1.2  13.3
Chuck Gilmur          77  15  56.0  58.0  25.0   4.6  2.6  3.1  0.8  1.0  0.5   6.0
-----------------------------------------------------------------------------------





                                        Anaheim Amigos
-----------------------------------------------------------------------------------
                       G  MIN  FG%   FT%   3P%   REB   A    PF  BLK   TO  STL   PTS
-----------------------------------------------------------------------------------

Damian Lillard        75  35  43.2  88.9  37.4   4.0  7.5  2.5  0.4  3.7  1.0  26.1
Chris Mullin          78  36  52.5  87.7  39.3   6.0  4.1  1.8  0.6  3.2  1.6  25.7
Antoine Walker        81  42  41.3  74.1  34.2   9.0  5.6  3.2  0.5  3.7  1.7  24.9
Tom Gugliotta         81  38  45.3  83.7  25.0   9.2  4.6  3.1  1.2  3.8  1.7  23.0
Alonzo Mourning       77  38  51.9  77.8  31.6  10.3  1.5  3.5  3.0  3.2  0.7  22.6
Glenn Robinson        77  33  48.9  90.1  40.6   6.1  2.5  2.5  0.9  2.4  1.0  21.6
Larry Johnson         82  37  48.4  82.2  24.0  10.9  3.6  2.9  0.6  2.1  1.0  19.1
Gus Williams          79  32  44.8  81.6  32.2   3.0  3.7  2.3  0.5  2.0  2.1  18.6
Sean Elliott          70  37  48.4  79.5  37.3   4.6  3.8  1.9  0.4  2.3  1.0  17.7
Rolando Blackman      75  31  47.3  79.4  31.3   3.8  2.3  1.4  0.4  1.4  0.5  17.1
Norm Nixon            79  37  45.6  78.1  27.2   2.9  8.5  2.6  0.1  3.2  1.8  16.4
David Thompson        61  20  46.1  82.4  37.7   2.4  1.9  2.2  0.5  2.2  0.6  14.6
Sam Perkins           75  33  43.6  80.8  20.2   8.0  1.5  2.9  0.7  1.6  1.0  13.7
Dale Davis            66  35  53.0  54.1   0.0  11.0  1.5  3.4  1.6  1.6  0.7  12.1
-----------------------------------------------------------------------------------





                                        San Antonio Spurs
-----------------------------------------------------------------------------------
                       G  MIN  FG%   FT%   3P%   REB   A    PF  BLK   TO  STL   PTS
-----------------------------------------------------------------------------------

Anthony Davis         61  35  50.7  75.5  32.1  10.2  2.1  2.8  2.2  2.3  1.4  26.1
Russell Westbrook     80  34  46.8  80.8  29.4   7.8 11.5  2.9  0.3  4.9  2.3  25.1
Archie Clark          77  42  48.1  77.6  32.8   3.0  8.1  2.5  0.1  3.3  1.9  24.4
Brook Lopez           73  33  52.7  78.3  10.0   7.8  2.2  3.4  1.8  2.8  0.9  22.2
Calvin Natt           78  34  51.8  78.2   5.9   7.8  2.9  2.2  0.4  2.2  1.0  21.5
Reggie Theus          82  34  47.4  81.1  30.8   3.5  5.0  2.9  0.2  2.8  1.4  19.2
Willis Reed           81  38  51.3  75.9  25.0  11.4  2.0  3.3  2.3  2.1  0.9  18.9
Fat Lever             82  37  45.6  77.5  29.2   8.8  7.5  2.5  0.4  2.0  2.5  18.7
Clark Kellogg         79  34  49.1  76.1  43.8   9.2  2.8  2.8  0.4  2.5  1.6  18.4
Greg Ballard          78  36  45.4  79.5  46.5   6.4  3.2  2.0  0.3  1.7  1.7  18.3
Toni Kukoc            74  30  47.1  72.3  36.7   4.6  4.7  2.1  0.5  2.2  1.1  15.1
Zach Randolph         35  26  48.1  65.9  22.2   8.2  2.0  2.4  0.1  1.6  0.8  12.9
Carlos Boozer         81  25  56.3  76.6   0.0   7.7  1.5  3.0  0.7  1.5  0.8  11.3
Jayson Williams       80  23  42.7  60.1  25.0  10.6  0.6  3.0  0.7  1.4  0.5   9.8
-----------------------------------------------------------------------------------





                                        Dallas Chaparrals
-----------------------------------------------------------------------------------
                       G  MIN  FG%   FT%   3P%   REB   A    PF  BLK   TO  STL   PTS
-----------------------------------------------------------------------------------

Chuck Chuckovits      10  41  52.7  77.9  32.4   3.7  2.6  2.7  0.2  3.8  1.3  36.1
George Mikan          17  36  52.6  74.5   0.0  11.4  3.2  3.5  2.5  2.9  0.8  25.0
Dirk Nowitzki         77  33  47.5  89.7  37.1   7.0  2.6  2.4  0.5  2.1  0.8  24.4
Hank Luisetti         76  40  48.0  79.6  33.9   4.6  6.6  2.9  0.5  3.6  2.4  23.2
Kevin Johnson         74  37  48.8  82.5  21.5   3.7 11.3  1.9  0.2  3.6  1.3  22.0
Kyrie Irving          53  31  46.2  88.1  32.1   2.9  5.2  2.3  0.4  2.7  1.2  20.6
Bradley Beal          55  31  46.3  76.6  38.5   3.4  3.2  2.4  0.2  2.3  1.1  18.0
Gheorghe Muresan      76  29  58.9  62.8   0.0  10.1  0.8  3.9  2.4  2.0  0.8  15.8
Kevin Willis          81  32  52.0  69.9  26.7  10.4  0.7  3.7  0.7  2.1  0.8  15.1
Dikembe Mutombo       82  37  50.1  68.0   0.0  13.2  1.8  3.5  3.5  2.7  0.5  13.7
AC Green              82  32  48.8  76.2   0.0   8.7  1.1  2.4  0.5  1.4  1.1  10.9
Dale Ellis            72  15  39.2  72.0  43.5   2.3  0.5  1.0  0.1  0.5  0.5   7.4
Roy Tarpley           75  19  45.3  66.9  36.4   7.0  0.7  2.9  1.0  1.3  0.7   7.1
Hassan Whiteside      22   6  44.4  44.4   0.0   2.3  0.0  0.8  0.9  0.3  0.2   1.8
-----------------------------------------------------------------------------------





                                        Trenton Cagers
-----------------------------------------------------------------------------------
                       G  MIN  FG%   FT%   3P%   REB   A    PF  BLK   TO  STL   PTS
-----------------------------------------------------------------------------------

Tiny Archibald        76  43  49.8  82.7  34.0   2.5  9.4  2.6  0.2  3.9  1.9  26.8
Andrew Wiggins        81  35  47.3  75.7  30.1   3.6  2.2  2.3  0.6  2.6  1.1  22.2
Nikola Vucevic        74  34  54.3  75.5  40.0  11.0  2.2  3.4  0.8  2.3  0.8  21.1
James Crawford        82  35  46.4  77.7   0.0   8.0  1.3  3.0  1.4  2.1  0.9  19.0
Gus Johnson           60  38  48.8  69.8  32.4   9.8  2.9  3.3  2.0  2.0  1.2  17.5
Dolph Schayes         78  32  45.1  82.6  33.9  10.4  3.1  2.9  0.9  2.0  1.0  16.3
Dan Roundfield        80  32  48.4  71.6  29.5  10.4  1.6  4.1  2.2  2.2  1.0  14.7
Shawn Kemp            81  30  49.9  65.0  20.7   8.4  1.8  3.9  1.5  2.6  1.0  14.7
Mookie Blaylock       72  36  40.9  77.7  18.6   3.5  6.1  2.5  0.6  3.0  2.4  14.2
Al Cervi              66  32  44.8  79.7  33.3   4.0  7.4  2.5  0.6  2.1  1.6  13.5
Sam Jones             79  27  49.5  77.3  36.4   4.7  2.0  1.8  0.4  1.6  0.9  12.7
Tracy McGrady         80  22  46.6  75.1  24.0   6.0  2.8  2.0  1.4  1.8  1.1  11.0
Manu Ginobili         75  26  43.9  79.1  34.2   3.2  3.1  2.8  0.3  2.2  1.9  10.6
Mason Plumlee         82  25  53.1  63.8   0.0   7.6  3.0  3.5  1.1  2.2  0.9  10.0
-----------------------------------------------------------------------------------





                                        Kentucky Colonels
-----------------------------------------------------------------------------------
                       G  MIN  FG%   FT%   3P%   REB   A    PF  BLK   TO  STL   PTS
-----------------------------------------------------------------------------------

George Yardley        82  39  50.4  81.9  38.2   7.5  1.7  2.9  1.4  2.5  1.0  27.5
Richie Guerin         80  43  48.4  85.0  35.6   4.7  7.1  3.4  0.7  3.3  1.9  26.6
Johnny Wooden         56  36  45.6  90.0  39.8   3.3  6.4  2.9  0.3  3.0  2.0  20.8
Kareem AbdulJabbar    79  32  56.5  76.4  13.3   7.3  2.4  2.5  2.0  2.2  0.7  20.5
Don Otten             82  40  48.7  65.3  20.0  10.9  2.6  3.3  2.0  2.9  0.5  19.8
David West            73  33  51.2  76.7  18.8   8.0  3.2  2.4  1.0  2.4  1.1  19.2
Gary Trent            74  30  50.8  63.9   0.0   8.1  2.0  2.8  0.5  1.6  0.7  18.6
Lenny Wilkens         74  33  47.2  78.2  32.4   3.4  7.0  2.2  0.3  2.2  1.3  16.8
Rick Barry            80  32  44.2  94.6  40.8   3.3  6.0  2.2  0.5  2.1  1.1  15.2
Louie Dampier         81  38  44.0  83.2  41.5   2.4  7.1  2.6  0.5  2.3  1.4  14.8
TJ Ford               51  23  47.8  87.8  28.6   2.0  6.9  2.0  0.0  2.4  1.3  13.1
Gail Goodrich         78  23  48.0  77.4  33.6   2.4  3.0  3.4  0.2  1.6  1.1  11.7
Andris Biedrins       76  27  63.9  62.0   0.0  10.1  1.1  3.8  1.4  1.4  0.9  11.4
Steve Mix             81  19  49.9  82.3  46.8   3.5  1.8  1.3  0.1  1.4  0.8  11.1
-----------------------------------------------------------------------------------





                                        Miami Floridians
-----------------------------------------------------------------------------------
                       G  MIN  FG%   FT%   3P%   REB   A    PF  BLK   TO  STL   PTS
-----------------------------------------------------------------------------------

Yao Ming              48  34  52.5  86.4   0.0  10.0  2.3  3.5  2.3  3.8  0.4  27.4
Lou Hudson            76  41  50.2  76.8  33.6   4.2  3.4  2.3  0.5  2.6  2.5  26.1
George McGinnis       77  38  42.4  74.2  39.5  11.5  5.0  4.1  0.6  4.1  2.5  25.3
Ed Wachter            80  36  49.5  76.5  31.1   7.6  2.5  3.6  1.7  3.8  1.0  22.2
Jerry West            31  31  45.4  81.1  36.7   3.4  6.6  2.5  0.8  2.8  2.6  21.9
Mark Price            73  37  44.9  87.5  42.8   3.5  9.0  1.2  0.1  3.0  1.6  20.3
Kevin Love            77  31  43.1  81.8  35.8   9.8  2.7  2.4  0.6  2.1  0.8  16.7
Emeka Okafor          82  33  54.4  56.7   0.0  11.1  1.0  3.2  1.9  2.4  0.9  15.0
Michael Cage          72  37  45.6  67.7   0.0  13.1  1.5  2.6  0.8  2.2  1.3  13.8
Bobby Jones           81  34  56.8  68.2   0.0   8.1  4.0  2.8  2.0  2.4  1.8  13.3
Terry Porter          82  27  49.6  86.2  42.5   2.9  3.5  2.0  0.2  1.6  1.0  12.4
James Donaldson       82  29  60.4  73.9   0.0   8.1  0.5  2.5  1.6  2.3  0.3  10.5
Muggsy Bogues         82  34  46.7  77.6   9.8   2.9  9.1  2.0  0.1  2.0  2.1   8.8
Andre Iguodala        65  27  49.2  60.6  35.0   4.0  3.7  1.8  0.3  1.4  1.2   7.2
-----------------------------------------------------------------------------------





                                        Minnesota Muskies
-----------------------------------------------------------------------------------
                       G  MIN  FG%   FT%   3P%   REB   A    PF  BLK   TO  STL   PTS
-----------------------------------------------------------------------------------

Peja Stojakovic       81  40  50.9  92.8  43.8   6.5  2.5  2.1  0.2  2.2  1.5  27.9
Bob Pettit            82  39  51.7  74.4  31.7  12.9  2.7  2.5  2.3  2.9  1.1  26.7
Paul Arizin           77  38  50.8  82.9  38.2   7.6  2.5  3.0  1.1  2.4  1.2  25.0
Clyde Lovellette      81  35  52.3  72.8  30.0  11.1  2.3  3.0  2.9  2.5  1.0  22.8
Willie Naulls         77  39  45.4  87.1  36.0   8.4  2.6  3.1  1.7  2.5  1.1  22.3
Kiki Vandeweghe       72  35  50.6  88.2  40.1   3.2  1.4  1.5  0.3  1.5  0.5  21.6
Randy Smith           82  36  49.3  78.8  33.7   3.9  6.7  2.9  0.0  2.6  1.6  19.1
Wayne Embry           77  35  51.0  71.5  28.6   9.4  2.5  3.4  1.6  1.9  1.1  16.9
Nick VanExel          79  37  41.2  84.0  37.5   3.0  9.5  1.5  0.1  2.8  1.0  16.9
Ray Scott             82  37  44.4  74.9  33.3  10.1  3.5  3.2  1.8  2.7  1.2  16.1
Dennis Johnson        80  34  41.6  77.9  24.5   4.5  3.3  2.4  1.2  2.0  1.2  15.7
Phil Ford             82  32  44.8  80.6  24.3   2.0  7.1  2.4  0.0  3.0  1.5  15.6
Alvan Adams           70  27  48.3  73.4   6.3   7.5  3.2  3.2  0.9  2.7  1.1  14.5
Jason Kidd            80  36  39.2  81.5  37.0   7.8 11.4  2.3  0.4  4.0  2.0  11.6
-----------------------------------------------------------------------------------





                                        Baltimore Claws
-----------------------------------------------------------------------------------
                       G  MIN  FG%   FT%   3P%   REB   A    PF  BLK   TO  STL   PTS
-----------------------------------------------------------------------------------

Antonello Riva        69  32  47.3  60.9  38.6   2.5  1.1  2.7  0.1  2.8  2.3  21.5
Ron Harper            39  35  38.5  65.7  35.8   4.8  5.3  2.8  0.9  3.4  1.7  20.4
Bill Spivey           80  33  52.8  77.7   0.0   7.5  1.9  2.6  2.1  2.8  0.9  19.1
Tarzan Cooper         63  35  49.7  65.9  25.0   8.9  2.3  3.6  1.8  2.9  1.5  18.4
Carl Landry           80  31  54.1  79.9  33.3   6.1  1.0  3.3  0.9  2.0  0.8  18.2
Doug Christie         82  35  41.3  87.1  31.7   4.3  4.4  2.3  0.5  2.6  2.3  17.8
Bob Cousy             82  32  46.1  77.7  33.9   5.9  5.0  2.2  0.9  3.1  2.0  17.5
Kresimir Cosic        82  36  45.2  75.2  30.6   8.6  3.0  2.6  1.1  2.6  1.3  17.1
Marques Haynes        78  32  43.8  78.1  34.1   3.9  6.9  2.4  0.1  2.7  1.7  14.8
Curly Neal            78  26  43.6  80.8  36.9   2.4  4.7  1.6  0.2  1.6  1.1  12.4
Shawn Bradley         49  28  41.0  62.3   0.0   6.3  2.0  3.6  3.0  3.1  0.9  10.6
Bonzi Wells           66  18  51.0  68.3  37.3   2.8  1.6  2.3  0.2  1.6  1.1   9.7
Lamond Murray         74  17  42.6  75.3  33.0   3.3  0.9  1.6  0.4  1.2  0.8   8.2
Fred Brown            33  11  33.7  76.9  38.8   0.9  1.8  1.3  0.1  0.8  0.7   4.5
-----------------------------------------------------------------------------------





                                        Carolina Cougars
-----------------------------------------------------------------------------------
                       G  MIN  FG%   FT%   3P%   REB   A    PF  BLK   TO  STL   PTS
-----------------------------------------------------------------------------------

Michael Finley        82  41  47.3  85.2  34.5   5.5  5.2  2.0  0.3  2.3  1.4  23.7
Mitch Richmond        79  34  45.7  79.5  39.5   5.9  4.1  2.8  0.2  3.3  1.0  21.7
Terry Cummings        82  34  49.6  65.3   9.1   8.4  2.6  3.4  1.0  2.0  1.6  19.5
Moses Malone          79  34  47.3  77.5  33.3  11.2  1.4  1.9  0.9  3.1  0.8  19.4
Dan Issel             76  27  46.7  84.5  31.2   6.8  2.1  2.2  0.6  1.5  0.8  18.9
Tobias Harris         68  35  48.4  79.2  37.0   6.4  2.0  2.3  0.6  1.9  1.1  18.4
Detlef Schrempf       82  35  50.3  85.1  41.1   7.7  4.4  3.2  0.5  2.2  0.9  17.6
Cliff Robinson        68  32  43.0  71.7  10.0   9.0  1.7  2.9  1.5  2.0  1.3  17.4
Alex English          80  27  48.0  87.1  46.2   3.6  2.8  1.6  0.3  1.2  0.7  17.4
Hersey Hawkins        82  33  48.2  88.7  43.3   4.0  3.4  2.1  0.2  1.9  1.6  15.2
James Worthy          82  29  52.7  75.4   9.1   6.4  2.4  2.7  0.9  2.0  1.0  13.5
Sergei Belov          81  25  45.5  82.5  34.4   3.0  4.0  1.7  0.3  2.1  1.3  13.2
Andre Miller          82  25  46.7  77.6  21.0   3.5  6.4  2.4  0.2  2.2  1.1  12.2
Rod Strickland        76  30  46.3  76.9  30.0   3.1  6.8  1.6  0.1  2.5  1.2  11.8
-----------------------------------------------------------------------------------





                                        Pittsburgh Condors
-----------------------------------------------------------------------------------
                       G  MIN  FG%   FT%   3P%   REB   A    PF  BLK   TO  STL   PTS
-----------------------------------------------------------------------------------

Gilbert Arenas        80  42  45.9  82.8  36.3   3.7  7.2  3.6  0.4  4.3  2.4  32.4
Latrell Sprewell      80  42  46.0  86.0  34.7   4.8  7.1  2.0  0.6  4.2  1.8  26.9
Cliff Hagan           82  37  52.8  82.4  33.8   7.5  4.3  3.3  1.3  3.9  1.6  22.4
Mike Mitchell         79  36  46.2  77.3  50.0   7.3  1.1  2.9  0.9  1.6  0.8  22.2
Monta Ellis           82  37  46.2  78.7  32.1   3.7  6.4  2.7  0.3  3.6  1.9  20.5
Vin Baker             82  41  48.3  60.5  29.6  10.8  3.8  3.3  1.5  2.8  1.1  18.7
Mike Bibby            55  33  49.5  85.4  41.0   2.7  5.9  1.8  0.1  2.7  1.4  18.0
Ray Allen             80  35  48.2  90.6  36.0   3.3  3.1  2.5  0.3  1.9  1.0  17.4
Kevin Garnett         57  31  54.0  82.4  25.0   9.0  3.0  2.5  1.3  1.9  1.3  17.2
Mickey Johnson        82  31  43.1  83.0  31.1   7.4  4.4  3.2  0.7  3.2  1.0  15.0
Nene Hilario          82  33  59.3  69.9   0.0   8.0  2.9  3.8  1.1  1.8  1.7  15.0
DeAndre Jordan        82  34  73.6  39.8  33.3  15.0  0.8  3.4  2.5  1.5  1.1  12.7
Jason Terry           81  23  43.0  81.2  29.2   2.1  4.7  1.6  0.1  2.0  1.2   9.0
Clifford Ray          82  26  53.3  61.2  21.4   8.7  1.9  2.8  1.2  1.6  0.9   6.8
-----------------------------------------------------------------------------------





                                        Virginia Squires
-----------------------------------------------------------------------------------
                       G  MIN  FG%   FT%   3P%   REB   A    PF  BLK   TO  STL   PTS
-----------------------------------------------------------------------------------

Stephen Curry         79  34  51.9  90.3  45.2   5.4  7.4  2.3  0.2  3.8  2.4  31.1
Sidney Moncrief       73  37  45.8  81.7  34.1   5.4  4.9  2.5  0.5  2.3  1.6  20.8
Scott Fisher          82  37  52.7  83.7  29.3   7.9  2.9  3.2  0.3  3.0  1.6  20.1
Marques Johnson       76  33  52.9  70.8  10.4   6.8  4.4  2.4  0.5  2.2  1.5  19.2
Paul Millsap          73  32  49.5  75.9  35.9   7.8  3.4  3.1  1.0  2.6  2.0  18.1
Marc Gasol            52  34  47.9  82.5  50.0   6.9  4.2  3.1  1.4  2.6  1.1  17.9
Artis Gilmore         81  34  59.1  73.8   9.1  10.4  1.5  3.5  2.1  2.8  0.5  17.7
Kenny Sears           76  31  52.1  79.8  35.0   7.0  1.7  2.8  1.3  1.5  0.8  15.8
Robert Parish         79  30  56.7  73.7   0.0  10.2  1.3  2.4  0.9  2.2  0.5  15.2
Andy Phillip          78  40  47.8  74.2  31.7   6.2  6.5  2.8  0.7  2.6  2.4  14.3
Jeff Ruland           82  27  53.3  76.0  43.5   9.3  1.6  3.5  0.7  2.7  0.5  13.8
Rickey Green          78  35  47.3  81.1  27.0   2.8  8.5  1.8  0.1  2.5  2.7  13.7
Dutch Dehnert         63  34  44.9  80.8  34.2   5.2  5.9  2.4  0.8  2.0  1.7  10.6
Rich Kelley           76  20  47.7  79.7  28.0   7.1  2.8  3.0  0.9  1.7  0.6   6.7
-----------------------------------------------------------------------------------





                                        New Jersey Americans
-----------------------------------------------------------------------------------
                       G  MIN  FG%   FT%   3P%   REB   A    PF  BLK   TO  STL   PTS
-----------------------------------------------------------------------------------

Jerry Stackhouse      82  38  44.4  81.9  28.7   3.9  4.9  2.3  0.5  4.0  1.4  26.1
Bob McAdoo            72  39  51.3  73.9  26.4  11.9  2.9  3.3  1.4  3.3  1.0  25.3
Tim Hardaway          81  41  45.5  76.0  36.0   3.8 10.0  2.7  0.1  3.5  2.0  24.3
Isaiah Thomas         82  32  44.1  86.7  35.9   3.0  6.8  2.3  0.1  3.1  1.2  23.5
Andrew Gaze           82  39  49.2  86.1  37.4   3.4  6.0  3.5  0.6  3.5  1.5  23.0
Neil Johnston         79  36  54.8  82.7  33.9   9.6  3.8  3.1  1.8  2.4  1.2  22.9
Truck Robinson        82  43  44.2  64.1  25.0  14.2  2.0  2.9  1.0  3.0  0.8  20.8
Dwyane Wade           74  30  47.0  78.9  15.6   4.1  5.1  1.8  0.6  3.1  1.2  20.6
Terry Dischinger      82  35  53.4  80.9  33.0   6.2  2.3  3.5  1.1  1.9  1.2  19.8
Mark Davis            82  34  54.3  78.6  12.2  10.0  1.9  2.9  0.6  2.7  0.6  18.4
Hakeem Olajuwon       47  34  49.9  77.2   0.0  10.3  3.4  3.3  2.1  2.9  1.9  18.3
Pooh Richardson       82  38  46.2  53.0  36.1   3.5  8.9  1.4  0.2  2.2  1.6  17.5
George Gervin         82  25  45.1  87.8  28.6   2.6  1.7  2.4  0.3  1.8  0.6  15.3
Jonas Valanciunas     60  26  58.2  75.9   0.0   9.1  0.8  3.0  1.4  1.6  0.5  13.8
-----------------------------------------------------------------------------------





