                                        Oakland Oaks
-----------------------------------------------------------------------------------
                       G  MIN  FG%   FT%   3P%   REB   A    PF  BLK   TO  STL   PTS
-----------------------------------------------------------------------------------

KarlAnthony Towns     55  30  55.5  85.0  38.7   8.5  1.8  4.3  1.3  2.2  0.6  17.0
Jabari Parker         50  32  48.0  75.4   7.1   4.5  2.2  3.1  0.3  1.4  0.8  14.1
Fats Jenkins          47  30  40.7  77.4  29.0   2.7  6.6  2.7  0.1  2.7  1.8  12.3
Enes Kanter           55  23  54.9  77.7  25.0   7.7  0.3  3.1  0.4  1.6  0.3  12.1
Al Horford            55  23  49.8  77.6  32.2   5.9  2.6  2.8  1.0  0.9  0.6  11.4
Bill Sharman          54  24  45.4  82.9  30.6   2.6  1.8  2.5  0.0  1.3  1.5  11.0
Emmanuel Mudiay       33  27  41.2  63.8  36.5   2.5  6.0  2.5  0.7  3.4  0.8  10.7
Brad Miller           55  17  46.3  82.7   0.0   4.8  0.9  2.5  0.7  0.9  0.5   8.1
Larry Nance           53  16  53.0  57.6   0.0   3.0  1.1  2.4  1.1  1.2  0.6   7.3
Darrell Armstrong     55  14  38.3  88.9  26.4   0.8  3.5  2.2  0.2  1.8  0.8   5.4
CJ McCollum           53  13  42.0  66.1  45.1   1.2  1.5  1.7  0.1  1.3  0.3   5.2
Jose Calderon         36   9  41.1  91.3   4.8   0.6  1.4  0.5  0.0  0.6  0.3   2.8
Tom Boerwinkle        44   6  45.2  75.0   0.0   1.6  0.6  0.9  0.3  0.5  0.2   1.8
Jusuf Nurkic           2   8   0.0 100.0   0.0   2.0  0.0  1.0  1.0  1.0  1.5   1.0
-----------------------------------------------------------------------------------
Totals                55  48  47.2  76.4  31.3  44.1 27.3 28.7  5.9 18.4  8.1 109.5
Opposition            55  48  51.9  77.6  37.3  44.9 30.7 22.5  6.0 15.8 10.0 123.3
-----------------------------------------------------------------------------------





                                        San Diego Qs
-----------------------------------------------------------------------------------
                       G  MIN  FG%   FT%   3P%   REB   A    PF  BLK   TO  STL   PTS
-----------------------------------------------------------------------------------

Kobe Bryant           51  37  48.2  83.8  30.9   5.5  4.7  3.8  0.2  3.3  2.0  24.1
Walt Bellamy          54  33  56.0  70.6  25.0  10.7  1.8  4.5  2.0  2.1  0.9  18.4
Brandon Roy           36  30  50.3  78.6  34.1   4.0  5.2  2.3  0.2  1.8  1.1  16.6
Marvin Barnes         44  24  49.1  70.0  21.4   5.9  1.4  3.4  1.0  1.5  1.0  12.2
Cedric Maxwell        53  30  53.0  83.3  18.2   7.5  2.1  3.4  0.9  1.9  1.0  11.5
Tom Heinsohn          53  21  48.0  86.1  42.3   5.2  1.5  2.6  0.6  1.2  0.8  11.4
Sleepy Floyd          55  31  41.9  84.8  30.4   2.7  8.9  2.5  0.2  2.7  2.0  11.1
Ray Williams          43  21  40.2  67.3  26.6   2.8  5.9  2.4  0.2  2.5  1.3   9.8
Gerald Wallace        46  18  47.4  81.7  38.8   3.4  1.2  2.1  0.3  1.1  1.0   7.1
Bob Dandridge         43  12  46.0  77.5  24.0   2.5  0.8  1.5  0.2  0.6  0.5   5.1
Zydrunas Ilgauskas    52   8  45.6  80.0   0.0   2.0  0.5  1.5  0.5  0.8  0.2   4.2
Maurice Cheeks        51   8  57.7  85.3  60.0   1.1  1.9  0.5  0.1  0.7  0.6   2.9
Horace Grant           8   7  44.4  87.5   0.0   1.1  0.3  1.1  0.0  0.4  0.0   2.9
Sam Lacey             28   8  44.3  77.8 100.0   2.7  0.5  1.4  0.6  0.5  0.1   2.8
-----------------------------------------------------------------------------------
Totals                54  48  48.5  78.9  30.3  47.0 30.7 27.4  6.1 17.6 10.3 116.7
Opposition            54  48  45.5  76.7  29.0  46.4 28.5 26.7  6.7 18.0  9.9 112.3
-----------------------------------------------------------------------------------





                                        Utah Stars
-----------------------------------------------------------------------------------
                       G  MIN  FG%   FT%   3P%   REB   A    PF  BLK   TO  STL   PTS
-----------------------------------------------------------------------------------

Michael Jordan        55  34  46.7  81.5  14.1   5.8  3.1  2.5  0.5  1.8  1.8  23.0
Rudy Tomjanovich      52  35  53.8  82.1  36.9   6.6  2.5  3.7  0.8  1.2  1.0  19.7
Blake Griffin         35  28  50.2  72.6  60.0   6.5  3.9  3.4  0.4  1.6  0.5  16.6
Paul Westphal         52  29  50.6  80.1  36.5   2.0  5.7  2.3  0.4  2.5  1.4  15.6
Shaquille O'Neal      55  23  60.4  49.1   0.0   6.8  1.1  3.9  1.0  1.7  0.3  15.1
Tim Duncan            50  28  51.7  66.2   0.0   9.0  2.8  3.2  1.7  2.1  0.9  13.0
Walt Frazier          52  34  50.0  72.5  22.6   4.0  8.5  3.3  0.2  3.1  2.6  12.9
Shawn Marion          46  27  55.4  78.0  35.1   6.8  2.7  2.0  0.4  1.2  1.1  12.7
Greg Monroe           50  23  54.4  71.7   0.0   7.1  1.6  3.2  0.7  1.2  0.9  12.2
Warren Jabali         32  18  44.0  71.6  31.6   4.0  2.4  1.8  0.5  2.1  0.7  10.7
Louis Williams        52  15  43.2  80.1  32.4   1.1  2.4  1.4  0.1  0.9  0.5   8.7
Andrew Toney          30  10  45.1  69.2  39.0   0.5  1.3  1.1  0.0  0.8  0.3   5.1
Jamaal Wilkes         24  10  40.0  56.5  33.3   2.0  1.1  0.8  0.0  0.8  0.5   4.2
Chuck Gilmur          46   8  60.2  67.2  13.3   2.2  1.6  2.2  0.4  0.4  0.2   4.0
-----------------------------------------------------------------------------------
Totals                55  48  49.5  73.5  31.7  48.9 32.3 25.7  5.8 16.2 10.9 118.5
Opposition            55  48  45.1  78.0  30.5  44.4 26.4 27.6  6.6 18.0 10.1 107.1
-----------------------------------------------------------------------------------





                                        Anaheim Amigos
-----------------------------------------------------------------------------------
                       G  MIN  FG%   FT%   3P%   REB   A    PF  BLK   TO  STL   PTS
-----------------------------------------------------------------------------------

Damian Lillard        49  32  45.4  88.0  37.3   3.5  6.9  2.7  0.3  3.0  0.8  18.3
Chris Mullin          47  31  51.2  91.8  37.2   5.3  3.2  2.0  0.7  2.1  1.3  17.9
Alonzo Mourning       54  31  49.5  75.1  43.8   7.6  1.0  4.0  2.5  2.1  0.6  14.6
Tom Gugliotta         54  33  43.7  83.5  23.4   8.1  4.6  3.6  1.0  2.9  1.6  14.5
Larry Johnson         54  33  47.3  84.7  15.8   9.2  3.2  3.7  0.8  1.3  0.9  14.2
Glenn Robinson        52  19  46.1  88.8  37.5   3.5  1.5  2.0  0.4  1.2  0.6  10.1
David Thompson        45  14  46.2  84.0  27.7   1.5  1.2  1.6  0.2  1.1  0.4   9.7
Gus Williams          54  19  46.5  80.2  33.3   2.0  2.1  1.4  0.3  1.4  1.4   8.7
Rolando Blackman      22  12  42.6  75.4  45.5   1.5  0.9  1.0  0.1  0.4  0.2   6.4
Antoine Walker        54  14  38.7  73.1  31.4   3.4  1.9  1.6  0.1  0.9  0.4   5.9
Dale Davis            46  11  56.1  59.7   0.0   3.7  0.5  1.6  0.6  0.5  0.1   3.7
Norm Nixon            38   9  40.2  81.8  33.3   0.6  2.4  1.1  0.1  0.6  0.4   3.1
Sam Perkins           36   6  50.0  78.9  33.3   1.4  0.4  0.8  0.2  0.3  0.3   2.3
Sean Elliott           4   4  50.0 100.0  50.0   1.0  0.8  0.3  0.0  0.3  0.3   1.3
-----------------------------------------------------------------------------------
Totals                54  48  46.4  82.5  34.3  47.9 27.1 24.7  6.8 16.6  8.2 117.5
Opposition            54  48  46.1  77.1  34.7  48.0 29.4 27.4  6.6 16.1  8.6 114.7
-----------------------------------------------------------------------------------





                                        San Antonio Spurs
-----------------------------------------------------------------------------------
                       G  MIN  FG%   FT%   3P%   REB   A    PF  BLK   TO  STL   PTS
-----------------------------------------------------------------------------------

Russell Westbrook     53  32  50.7  81.4  36.2   5.9  9.9  3.3  0.2  4.8  2.6  20.5
Anthony Davis         39  31  47.2  71.1  39.5   7.8  1.9  4.1  1.6  1.6  1.3  18.8
Calvin Natt           51  32  53.5  84.0   0.0   6.1  2.2  3.0  0.3  1.3  0.8  17.3
Fat Lever             53  35  48.0  77.0  31.7   6.4  8.0  3.0  0.4  2.0  2.8  15.2
Clark Kellogg         51  31  47.7  79.3  42.3   7.0  2.4  3.8  0.3  2.2  1.5  13.5
Willis Reed           53  26  51.0  76.8   0.0   6.0  1.3  3.5  1.3  1.2  0.7  12.3
Archie Clark          50  19  50.3  81.0  31.4   1.5  3.5  1.2  0.1  1.7  0.9  10.3
Jayson Williams       51  15  50.2  61.7  66.7   5.8  0.5  2.2  0.3  1.2  0.3   6.8
Reggie Theus          53  11  45.9  86.1  29.7   1.1  1.3  1.2  0.1  1.0  0.3   6.2
Toni Kukoc            46  12  42.9  74.2  35.4   1.6  2.0  0.9  0.2  1.1  0.5   5.3
Brook Lopez           34   8  50.0  77.1   0.0   1.7  0.6  1.1  0.2  0.6  0.2   5.0
Zach Randolph         19   7  47.2  66.7   0.0   1.8  0.6  0.8  0.1  0.4  0.2   2.7
Greg Ballard          28   5  57.8  84.2  50.0   1.0  0.3  0.2  0.0  0.2  0.4   2.6
Carlos Boozer          4   2   0.0   0.0   0.0   0.5  0.5  0.3  0.0  0.5  0.0   0.0
-----------------------------------------------------------------------------------
Totals                53  48  49.4  77.9  33.8  48.3 32.7 25.6  4.4 17.7 11.6 124.1
Opposition            53  48  50.8  75.9  35.6  42.6 30.4 28.5  5.8 18.2 10.1 120.5
-----------------------------------------------------------------------------------





                                        Dallas Chaparrals
-----------------------------------------------------------------------------------
                       G  MIN  FG%   FT%   3P%   REB   A    PF  BLK   TO  STL   PTS
-----------------------------------------------------------------------------------

Chuck Chuckovits       8  35  49.6  75.4  30.8   2.9  2.4  3.1  0.3  2.5  0.8  21.8
Hank Luisetti         55  37  50.2  80.2  35.2   3.8  6.0  3.0  0.5  3.5  2.3  19.6
Dirk Nowitzki         51  30  45.9  89.8  34.9   5.7  2.1  3.3  0.4  1.9  0.6  18.5
Kevin Johnson         54  36  46.4  78.6  14.7   3.5 11.5  2.4  0.2  3.7  1.3  17.4
George Mikan          13  29  48.3  69.8   0.0   8.8  3.1  4.0  3.1  2.1  0.5  13.8
Bradley Beal          56  22  44.8  74.2  41.8   2.1  2.8  2.0  0.1  1.7  0.9  12.3
Gheorghe Muresan      54  22  58.8  52.5   0.0   6.3  0.5  3.9  1.2  1.0  0.4  10.9
Kyrie Irving          22  15  45.0  93.5  32.5   1.5  2.9  1.1  0.0  1.4  0.2   9.1
AC Green              56  31  46.1  78.0   0.0   7.7  1.2  2.9  0.4  1.2  1.0   8.7
Dikembe Mutombo       50  17  53.5  63.5   0.0   5.9  0.9  2.7  1.4  1.5  0.3   6.9
Roy Tarpley           53  16  45.2  58.0   0.0   5.5  0.9  3.1  0.7  0.9  0.7   5.5
Kevin Willis          48  10  50.5  70.8   0.0   2.8  0.3  1.5  0.2  0.8  0.4   4.7
Dale Ellis            44  10  39.3  65.6  49.0   1.6  0.6  0.7  0.0  0.2  0.3   4.6
Hassan Whiteside      21   6  30.0  42.1   0.0   1.6  0.0  1.1  0.6  0.2  0.0   1.5
-----------------------------------------------------------------------------------
Totals                56  48  47.9  74.8  35.4  45.9 27.9 26.3  5.9 17.0  8.2 113.9
Opposition            56  48  48.7  77.3  34.4  46.2 30.9 26.6  5.7 16.5 10.0 117.7
-----------------------------------------------------------------------------------





                                        Trenton Cagers
-----------------------------------------------------------------------------------
                       G  MIN  FG%   FT%   3P%   REB   A    PF  BLK   TO  STL   PTS
-----------------------------------------------------------------------------------

Tiny Archibald        41  37  49.8  87.0  36.0   2.0  8.9  2.5  0.1  3.0  1.6  20.6
Andrew Wiggins        51  21  47.2  73.5  32.6   2.2  1.4  1.8  0.3  1.2  0.7  12.8
Nikola Vucevic        52  21  51.1  70.9  50.0   6.2  1.3  2.8  0.5  1.1  0.6  12.7
Al Cervi              36  30  46.7  82.1  28.6   3.7  7.4  2.6  0.6  2.2  1.4  11.8
Sam Jones             52  27  49.4  85.6  33.3   4.2  1.9  1.9  0.1  1.4  0.7  11.3
Dolph Schayes         54  22  48.7  83.0  28.7   6.3  2.5  2.7  0.4  1.4  0.7  10.1
James Crawford        53  19  46.4  83.9  20.0   4.2  0.8  2.2  0.8  0.9  0.5  10.0
Tracy McGrady         53  23  42.6  72.5  19.6   5.5  2.9  3.1  1.8  1.8  1.4   9.4
Gus Johnson           40  20  48.2  72.6  26.5   4.7  1.3  2.8  0.6  1.1  0.8   9.0
Dan Roundfield        53  20  49.1  75.5  38.1   6.0  1.0  3.0  1.3  1.3  0.6   8.7
Mookie Blaylock       48  15  42.3  77.6  12.7   1.1  2.8  1.3  0.3  1.1  1.1   5.3
Shawn Kemp            32  10  47.6  62.5   0.0   3.2  0.8  1.4  0.7  1.0  0.3   4.5
Mason Plumlee         12   5  56.3  71.0   0.0   1.7  0.9  1.1  0.3  0.3  0.1   3.3
Manu Ginobili         37   8  39.6  89.3  25.0   1.0  1.1  0.8  0.1  0.8  0.6   2.9
-----------------------------------------------------------------------------------
Totals                53  48  48.2  78.0  28.6  46.3 27.7 26.0  7.0 15.7  9.5 115.5
Opposition            53  48  48.3  75.0  33.5  44.9 28.9 26.6  6.9 17.0  9.7 114.8
-----------------------------------------------------------------------------------





                                        Kentucky Colonels
-----------------------------------------------------------------------------------
                       G  MIN  FG%   FT%   3P%   REB   A    PF  BLK   TO  STL   PTS
-----------------------------------------------------------------------------------

George Yardley        52  36  50.3  80.5  34.2   7.7  1.7  3.5  1.3  1.7  0.9  20.8
Richie Guerin         50  37  46.0  81.5  32.2   3.6  6.3  4.2  0.7  2.8  1.6  19.5
David West            50  31  51.9  74.9   0.0   7.6  3.0  3.0  0.8  2.2  1.1  14.8
Kareem AbdulJabbar    52  29  51.3  74.3  16.7   7.1  1.8  3.8  1.8  1.4  0.8  14.5
Lenny Wilkens         48  33  44.3  77.7  33.6   3.1  7.8  2.6  0.2  1.9  1.2  13.1
Gail Goodrich          3  11  62.5 100.0  25.0   1.0  1.3  3.0  0.0  1.7  0.7   9.7
Gary Trent            45  17  48.1  64.6   0.0   4.1  1.2  2.2  0.2  1.0  0.3   9.4
Johnny Wooden         29  17  44.1  95.2  30.0   1.4  3.3  1.7  0.1  1.3  0.9   8.8
TJ Ford               36  15  49.1  83.1  16.0   1.6  4.4  1.6  0.0  1.6  0.6   7.3
Andris Biedrins       51  16  63.2  63.3   0.0   6.0  0.6  3.2  0.8  0.8  0.5   6.4
Don Otten             18   8  53.8  61.3   0.0   2.2  0.2  1.0  0.5  0.3  0.1   4.9
Steve Mix             51   9  46.6  77.4  29.4   1.3  0.8  0.7  0.1  0.5  0.2   4.6
Rick Barry            52  11  42.9  96.6  38.6   1.2  2.1  0.9  0.1  0.7  0.5   4.2
Louie Dampier         30  10  47.0  80.0  50.0   0.7  1.8  0.6  0.0  0.5  0.6   3.9
-----------------------------------------------------------------------------------
Totals                52  48  49.1  77.8  33.5  43.9 29.8 26.2  6.2 14.8  7.9 118.8
Opposition            52  48  48.1  77.9  36.9  48.2 30.0 26.8  5.9 16.6  8.5 118.7
-----------------------------------------------------------------------------------





                                        Miami Floridians
-----------------------------------------------------------------------------------
                       G  MIN  FG%   FT%   3P%   REB   A    PF  BLK   TO  STL   PTS
-----------------------------------------------------------------------------------

Lou Hudson            55  38  46.3  75.3  31.0   3.7  3.2  2.9  0.4  2.3  2.4  21.5
Yao Ming              33  27  52.3  91.0   0.0   7.6  1.6  4.2  1.0  2.3  0.4  19.5
Mark Price            51  34  43.9  86.2  41.8   3.0  9.5  1.6  0.0  2.7  1.8  15.1
George McGinnis       53  24  40.9  69.3  37.1   6.8  3.6  3.2  0.3  2.6  1.5  12.5
Emeka Okafor          50  29  55.3  54.9   0.0   8.4  0.8  3.8  1.7  2.2  0.9  12.2
Bobby Jones           55  30  51.6  72.8   0.0   6.8  3.7  3.6  1.7  2.0  1.9  10.6
Kevin Love            54  18  43.4  84.3  42.1   5.3  1.3  2.2  0.2  1.3  0.4   9.8
Ed Wachter            33  17  45.1  73.2  25.0   3.9  1.1  2.1  0.9  1.5  0.5   7.8
Jerry West            36  12  46.1  80.8  30.4   1.4  2.7  1.1  0.2  1.2  1.1   7.2
James Donaldson       14  15  59.4  65.6   0.0   4.9  0.3  1.5  0.9  1.1  0.2   6.9
Terry Porter          52  15  44.3  87.5  40.2   1.4  2.2  0.8  0.2  0.8  0.6   6.0
Michael Cage          40  16  44.2  53.8   0.0   5.5  0.7  2.0  0.5  1.4  0.5   5.8
Andre Iguodala        30   7  44.4  56.3  53.3   1.3  1.4  0.4  0.1  0.3  0.2   2.2
Muggsy Bogues          9   8  25.0   0.0   0.0   0.6  2.1  0.3  0.0  0.6  0.8   0.4
-----------------------------------------------------------------------------------
Totals                55  48  46.6  74.4  37.0  47.9 29.1 24.9  6.1 18.3 10.8 113.6
Opposition            55  48  46.6  77.8  34.0  46.3 28.6 24.9  6.8 17.4 10.8 112.0
-----------------------------------------------------------------------------------





                                        Minnesota Muskies
-----------------------------------------------------------------------------------
                       G  MIN  FG%   FT%   3P%   REB   A    PF  BLK   TO  STL   PTS
-----------------------------------------------------------------------------------

Peja Stojakovic       52  35  49.9  91.1  41.9   4.9  2.3  2.1  0.2  1.6  1.1  23.0
Paul Arizin           46  32  48.1  82.6  40.7   5.5  2.4  3.4  0.9  1.6  0.9  18.0
Bob Pettit            53  31  50.5  74.5  23.9   9.7  1.7  3.1  1.9  2.0  1.1  17.8
Clyde Lovellette      53  28  53.5  68.3  57.1   8.0  1.5  3.9  2.2  1.7  0.9  15.2
Randy Smith           53  23  44.0  78.3  29.6   2.4  4.7  2.3  0.0  1.9  1.1   9.2
Wayne Embry           53  15  48.8  74.5  22.2   3.8  0.8  1.9  0.3  0.5  0.3   7.3
Jason Kidd            52  31  34.6  81.3  30.6   6.7 11.2  2.6  0.4  3.9  2.1   7.1
Alvan Adams           53  17  41.1  72.5   0.0   4.0  2.2  2.3  0.3  1.5  0.6   7.0
Willie Naulls         51  13  39.3  88.4  24.3   2.8  0.7  1.2  0.5  0.6  0.3   6.0
Dennis Johnson        53  11  37.4  76.3  22.1   1.3  1.2  1.1  0.5  0.6  0.3   4.6
Kiki Vandeweghe        6  12  24.2  75.0   0.0   1.2  0.5  1.0  0.0  0.5  0.3   3.7
Ray Scott             34   9  40.8  74.4   0.0   3.0  0.7  1.3  0.6  0.5  0.4   3.3
Nick VanExel          51   6  38.6  77.4  33.3   0.6  1.7  0.3  0.0  0.5  0.2   2.5
Phil Ford              1   7  33.3   0.0   0.0   0.0  0.0  0.0  0.0  0.0  0.0   2.0
-----------------------------------------------------------------------------------
Totals                53  48  46.2  79.0  34.6  50.7 30.1 24.7  7.5 16.3  9.0 117.1
Opposition            53  48  46.5  76.2  34.3  46.5 28.1 25.7  6.4 16.4  9.6 111.9
-----------------------------------------------------------------------------------





                                        Baltimore Claws
-----------------------------------------------------------------------------------
                       G  MIN  FG%   FT%   3P%   REB   A    PF  BLK   TO  STL   PTS
-----------------------------------------------------------------------------------

Bill Spivey           54  32  52.2  78.7   0.0   8.0  1.8  3.8  2.2  1.9  1.0  16.4
Doug Christie         56  35  41.5  83.8  30.0   4.1  4.6  3.2  0.6  2.7  2.9  14.8
Bob Cousy             56  32  46.5  72.9  31.4   5.6  4.3  3.0  1.1  2.8  2.7  14.7
Antonello Riva        53  22  48.1  63.1  41.0   1.8  0.6  2.4  0.0  2.0  1.5  14.1
Tarzan Cooper         53  32  42.0  63.3   0.0   9.1  2.0  4.4  1.8  2.3  1.2  12.5
Marques Haynes        55  30  45.0  81.2  37.2   3.8  6.7  2.5  0.1  2.5  1.8  11.0
Kresimir Cosic        56  23  45.3  75.3  28.3   6.2  1.9  3.2  0.6  1.6  0.9   9.6
Ron Harper            54  14  39.6  67.4  33.1   1.9  2.0  1.4  0.3  1.4  0.8   7.8
Curly Neal            56  12  43.1  76.1  45.2   1.0  2.6  0.9  0.1  0.7  0.6   4.4
Carl Landry           53   7  58.1  82.5   0.0   1.2  0.3  0.8  0.2  0.4  0.3   4.1
Shawn Bradley         36   9  51.1  67.6   0.0   2.4  0.5  1.8  1.2  0.8  0.3   3.3
Bonzi Wells           22   6  47.2  58.1   0.0   1.1  0.8  0.7  0.0  0.6  0.5   2.4
Lamond Murray          3   2  75.0   0.0   0.0   0.3  0.0  0.7  0.0  0.0  0.0   2.0
Fred Brown             1   1   0.0   0.0   0.0   0.0  0.0  0.0  0.0  1.0  0.0   0.0
-----------------------------------------------------------------------------------
Totals                56  48  45.8  73.0  33.4  43.8 26.9 26.5  7.5 18.6 13.8 109.7
Opposition            56  48  46.5  77.0  34.1  51.5 29.1 27.3  6.0 19.3 10.0 114.9
-----------------------------------------------------------------------------------





                                        Carolina Cougars
-----------------------------------------------------------------------------------
                       G  MIN  FG%   FT%   3P%   REB   A    PF  BLK   TO  STL   PTS
-----------------------------------------------------------------------------------

Michael Finley        53  39  44.8  83.2  25.3   4.5  4.6  2.6  0.3  1.8  1.2  18.2
Moses Malone          52  31  48.2  76.8  40.0   9.8  1.4  2.9  0.8  2.4  0.8  15.3
Terry Cummings        53  28  47.9  61.4   0.0   6.2  2.2  3.5  0.6  1.6  1.2  13.5
Dan Issel             53  20  43.6  84.6  26.6   5.3  1.8  2.4  0.5  0.8  0.6  12.7
Mitch Richmond        53  21  47.0  80.9  47.0   3.5  2.6  1.7  0.0  2.1  0.4  11.4
Cliff Robinson        52  23  44.2  72.0   0.0   5.6  1.3  2.3  1.1  1.7  0.9  11.3
Detlef Schrempf       53  25  47.9  83.6  49.3   4.8  3.1  3.4  0.5  1.4  0.5  10.5
Andre Miller          52  23  43.1  72.9  33.3   2.6  6.3  2.1  0.2  2.0  1.0   8.4
Sergei Belov          53  12  44.5  87.9  35.0   1.5  1.9  1.1  0.2  1.0  0.6   5.6
Alex English          51  10  45.7  95.1 100.0   1.1  0.8  0.8  0.0  0.3  0.2   4.9
Tobias Harris          6   9  55.0  83.3  50.0   2.2  0.3  1.7  0.0  0.5  0.0   4.8
Hersey Hawkins        18   7  48.6  88.2  29.4   1.1  0.7  0.6  0.0  0.4  0.4   3.1
Rod Strickland        15   8  34.3  70.0   0.0   0.7  1.9  0.7  0.0  1.1  0.4   2.1
James Worthy           1   6   0.0  50.0   0.0   0.0  1.0  0.0  0.0  0.0  0.0   2.0
-----------------------------------------------------------------------------------
Totals                53  48  45.6  78.5  33.3  46.0 28.0 23.7  4.2 15.8  8.2 114.1
Opposition            53  48  50.8  77.3  36.9  47.9 30.0 28.1  6.2 17.2  9.4 119.6
-----------------------------------------------------------------------------------





                                        Pittsburgh Condors
-----------------------------------------------------------------------------------
                       G  MIN  FG%   FT%   3P%   REB   A    PF  BLK   TO  STL   PTS
-----------------------------------------------------------------------------------

Gilbert Arenas        54  37  45.3  81.0  38.5   3.1  6.5  3.7  0.3  3.5  2.2  23.1
Latrell Sprewell      53  37  44.7  86.8  32.9   4.1  6.1  2.6  0.7  2.7  1.6  20.5
Cliff Hagan           54  32  50.7  80.0  23.5   6.4  4.0  4.1  1.4  3.4  1.5  14.9
Kevin Garnett         34  26  56.2  75.5  66.7   7.0  2.9  3.1  0.9  1.4  1.0  12.2
DeAndre Jordan        54  30  67.4  37.4   0.0  12.6  0.6  4.2  2.0  0.8  1.0   9.5
Nene Hilario          54  20  58.6  67.9   0.0   4.6  1.7  3.1  0.6  0.8  0.8   8.5
Mickey Johnson        54  15  40.9  86.6  28.3   3.3  2.3  2.2  0.3  1.3  0.3   6.2
Vin Baker             54  13  52.6  57.8  33.3   3.4  1.1  1.7  0.4  0.8  0.5   5.8
Monta Ellis           54  11  44.6  76.5  36.7   1.1  1.5  0.9  0.1  1.0  0.6   5.4
Mike Mitchell         36   7  48.0  71.4  66.7   2.0  0.2  0.5  0.2  0.2  0.0   4.4
Mike Bibby            54   8  50.0  81.0  30.0   0.7  1.5  0.5  0.0  0.7  0.6   4.0
Clifford Ray           1  11  50.0 100.0   0.0   4.0  1.0  3.0  0.0  1.0  1.0   3.0
Jason Terry           22   7  30.9  77.3  16.7   0.5  1.6  0.5  0.1  0.6  0.2   2.5
Ray Allen              8   5  41.2 100.0  16.7   0.6  0.1  0.6  0.1  0.4  0.1   2.1
-----------------------------------------------------------------------------------
Totals                54  48  48.1  75.9  33.6  47.1 29.0 26.7  6.9 17.9 10.4 118.0
Opposition            54  48  47.9  76.9  30.5  45.6 29.2 28.6  6.0 17.0  8.5 117.3
-----------------------------------------------------------------------------------





                                        Virginia Squires
-----------------------------------------------------------------------------------
                       G  MIN  FG%   FT%   3P%   REB   A    PF  BLK   TO  STL   PTS
-----------------------------------------------------------------------------------

Stephen Curry         52  32  49.5  90.4  42.3   4.3  6.2  2.7  0.2  3.0  2.2  26.2
Sidney Moncrief       51  34  44.6  84.7  30.5   4.0  5.0  3.1  0.4  2.0  1.6  17.2
Marques Johnson       50  31  49.2  64.9   7.4   5.5  4.3  2.6  0.6  1.9  1.4  14.5
Paul Millsap          50  29  49.5  75.1  38.4   6.7  3.5  4.0  0.7  2.1  1.5  14.2
Scott Fisher          54  19  53.7  87.7  32.0   3.3  1.7  1.9  0.1  1.4  1.1  11.1
Robert Parish         52  28  57.9  76.9   0.0   8.4  1.5  3.6  0.8  2.2  0.5  11.1
Artis Gilmore         53  19  62.0  71.6  16.7   5.7  1.0  3.1  1.0  1.6  0.3   9.5
Jeff Ruland           54  18  48.5  74.9  25.0   6.2  1.1  2.6  0.4  1.3  0.5   8.9
Marc Gasol             2   3 100.0 100.0   0.0   1.0  0.0  0.0  0.0  0.0  0.0   6.5
Rickey Green          54  15  48.5  79.3  25.9   1.2  4.0  1.2  0.0  1.2  1.1   6.4
Andy Phillip          54  16  45.4  71.4  33.3   2.5  3.4  1.5  0.3  1.2  1.1   5.1
Kenny Sears           40   6  46.6  76.5  52.6   1.4  0.6  0.6  0.3  0.3  0.2   3.7
Rich Kelley           11   7  47.4  87.5  50.0   2.3  0.5  1.7  0.5  0.3  0.4   2.4
Dutch Dehnert         32   5  54.7  88.9  66.7   0.8  0.8  0.4  0.0  0.3  0.2   2.3
-----------------------------------------------------------------------------------
Totals                54  48  50.2  78.8  36.8  48.1 31.5 26.5  4.7 17.7 11.2 124.4
Opposition            54  48  47.9  77.0  33.5  42.6 29.2 26.9  5.9 17.9 10.6 115.9
-----------------------------------------------------------------------------------





                                        New Jersey Americans
-----------------------------------------------------------------------------------
                       G  MIN  FG%   FT%   3P%   REB   A    PF  BLK   TO  STL   PTS
-----------------------------------------------------------------------------------

Jerry Stackhouse      54  33  46.4  83.0  27.0   3.4  4.7  2.6  0.4  3.4  1.4  17.5
Isaiah Thomas         54  27  47.3  85.9  36.1   2.6  5.5  2.0  0.1  2.1  1.1  17.4
Dwyane Wade           47  27  47.9  79.7  11.1   3.4  4.3  1.8  0.7  2.4  1.4  14.5
Bob McAdoo            48  30  49.7  75.1  21.6   8.9  1.9  3.8  1.2  2.0  1.0  14.4
Neil Johnston         53  29  52.4  86.6  20.0   7.6  2.9  4.0  1.7  1.5  0.9  13.7
Terry Dischinger      54  30  48.6  80.2  31.4   5.1  2.4  3.5  0.8  1.2  1.3  13.5
Jonas Valanciunas      1  12  55.6 100.0   0.0   2.0  0.0  2.0  0.0  0.0  0.0  12.0
Mark Davis            54  21  55.2  74.1  13.3   6.5  1.1  2.5  0.5  1.2  0.3   9.5
Andrew Gaze           54  14  47.4  88.2  34.9   1.5  2.1  1.8  0.1  1.1  0.7   8.1
Truck Robinson        39  12  40.7  66.0   0.0   4.0  0.6  1.0  0.2  0.6  0.2   5.3
Hakeem Olajuwon       54  10  46.0  77.2   0.0   3.0  1.2  1.3  0.6  0.9  0.4   4.7
Tim Hardaway          48   9  41.0  85.0  34.3   0.9  2.0  0.7  0.0  0.8  0.5   4.1
George Gervin         47   8  44.5  80.5  21.4   0.7  0.6  0.7  0.0  0.4  0.2   3.9
Pooh Richardson        6  11  47.6   0.0   0.0   1.3  2.3  0.7  0.0  1.3  0.3   3.3
-----------------------------------------------------------------------------------
Totals                54  48  48.2  80.9  30.0  44.9 28.3 24.5  6.0 17.2  8.9 120.9
Opposition            54  48  49.1  77.5  36.3  46.8 30.5 29.7  5.8 17.4  8.9 120.5
-----------------------------------------------------------------------------------





