           
                                        Free Agents
-----------------------------------------------------------------------------------
                       G  MIN  FG%   FT%   3P%   REB   A    PF  BLK   TO  STL   PTS
-----------------------------------------------------------------------------------

Open                   0   0   0.0   0.0   0.0   0.0  0.0  0.0  0.0  0.0  0.0   0.0
Open                   0   0   0.0   0.0   0.0   0.0  0.0  0.0  0.0  0.0  0.0   0.0
Open                   0   0   0.0   0.0   0.0   0.0  0.0  0.0  0.0  0.0  0.0   0.0
Open                   0   0   0.0   0.0   0.0   0.0  0.0  0.0  0.0  0.0  0.0   0.0
Open                   0   0   0.0   0.0   0.0   0.0  0.0  0.0  0.0  0.0  0.0   0.0
Open                   0   0   0.0   0.0   0.0   0.0  0.0  0.0  0.0  0.0  0.0   0.0
Open                   0   0   0.0   0.0   0.0   0.0  0.0  0.0  0.0  0.0  0.0   0.0
Open                   0   0   0.0   0.0   0.0   0.0  0.0  0.0  0.0  0.0  0.0   0.0
Open                   0   0   0.0   0.0   0.0   0.0  0.0  0.0  0.0  0.0  0.0   0.0
Open                   0   0   0.0   0.0   0.0   0.0  0.0  0.0  0.0  0.0  0.0   0.0
Open                   0   0   0.0   0.0   0.0   0.0  0.0  0.0  0.0  0.0  0.0   0.0
Open                   0   0   0.0   0.0   0.0   0.0  0.0  0.0  0.0  0.0  0.0   0.0
Open                   0   0   0.0   0.0   0.0   0.0  0.0  0.0  0.0  0.0  0.0   0.0
Open                   0   0   0.0   0.0   0.0   0.0  0.0  0.0  0.0  0.0  0.0   0.0
-----------------------------------------------------------------------------------
Totals                 0   0   0.0   0.0   0.0   0.0  0.0  0.0  0.0  0.0  0.0   0.0
Opposition             0   0   0.0   0.0   0.0   0.0  0.0  0.0  0.0  0.0  0.0   0.0
-----------------------------------------------------------------------------------





                                        Free Agents
-----------------------------------------------------------------------------------
                       G  MIN  FG%   FT%   3P%   REB   A    PF  BLK   TO  STL   PTS
-----------------------------------------------------------------------------------

Open                   0   0   0.0   0.0   0.0   0.0  0.0  0.0  0.0  0.0  0.0   0.0
Open                   0   0   0.0   0.0   0.0   0.0  0.0  0.0  0.0  0.0  0.0   0.0
Open                   0   0   0.0   0.0   0.0   0.0  0.0  0.0  0.0  0.0  0.0   0.0
Open                   0   0   0.0   0.0   0.0   0.0  0.0  0.0  0.0  0.0  0.0   0.0
Open                   0   0   0.0   0.0   0.0   0.0  0.0  0.0  0.0  0.0  0.0   0.0
Open                   0   0   0.0   0.0   0.0   0.0  0.0  0.0  0.0  0.0  0.0   0.0
Open                   0   0   0.0   0.0   0.0   0.0  0.0  0.0  0.0  0.0  0.0   0.0
Open                   0   0   0.0   0.0   0.0   0.0  0.0  0.0  0.0  0.0  0.0   0.0
Open                   0   0   0.0   0.0   0.0   0.0  0.0  0.0  0.0  0.0  0.0   0.0
Open                   0   0   0.0   0.0   0.0   0.0  0.0  0.0  0.0  0.0  0.0   0.0
Open                   0   0   0.0   0.0   0.0   0.0  0.0  0.0  0.0  0.0  0.0   0.0
Open                   0   0   0.0   0.0   0.0   0.0  0.0  0.0  0.0  0.0  0.0   0.0
Open                   0   0   0.0   0.0   0.0   0.0  0.0  0.0  0.0  0.0  0.0   0.0
Open                   0   0   0.0   0.0   0.0   0.0  0.0  0.0  0.0  0.0  0.0   0.0
-----------------------------------------------------------------------------------
Totals                 0   0   0.0   0.0   0.0   0.0  0.0  0.0  0.0  0.0  0.0   0.0
Opposition             0   0   0.0   0.0   0.0   0.0  0.0  0.0  0.0  0.0  0.0   0.0
-----------------------------------------------------------------------------------





                                        Free Agents
-----------------------------------------------------------------------------------
                       G  MIN  FG%   FT%   3P%   REB   A    PF  BLK   TO  STL   PTS
-----------------------------------------------------------------------------------

Open                   0   0   0.0   0.0   0.0   0.0  0.0  0.0  0.0  0.0  0.0   0.0
Open                   0   0   0.0   0.0   0.0   0.0  0.0  0.0  0.0  0.0  0.0   0.0
Open                   0   0   0.0   0.0   0.0   0.0  0.0  0.0  0.0  0.0  0.0   0.0
Open                   0   0   0.0   0.0   0.0   0.0  0.0  0.0  0.0  0.0  0.0   0.0
Open                   0   0   0.0   0.0   0.0   0.0  0.0  0.0  0.0  0.0  0.0   0.0
Open                   0   0   0.0   0.0   0.0   0.0  0.0  0.0  0.0  0.0  0.0   0.0
Open                   0   0   0.0   0.0   0.0   0.0  0.0  0.0  0.0  0.0  0.0   0.0
Open                   0   0   0.0   0.0   0.0   0.0  0.0  0.0  0.0  0.0  0.0   0.0
Open                   0   0   0.0   0.0   0.0   0.0  0.0  0.0  0.0  0.0  0.0   0.0
Open                   0   0   0.0   0.0   0.0   0.0  0.0  0.0  0.0  0.0  0.0   0.0
Open                   0   0   0.0   0.0   0.0   0.0  0.0  0.0  0.0  0.0  0.0   0.0
Open                   0   0   0.0   0.0   0.0   0.0  0.0  0.0  0.0  0.0  0.0   0.0
Open                   0   0   0.0   0.0   0.0   0.0  0.0  0.0  0.0  0.0  0.0   0.0
Open                   0   0   0.0   0.0   0.0   0.0  0.0  0.0  0.0  0.0  0.0   0.0
-----------------------------------------------------------------------------------
Totals                 0   0   0.0   0.0   0.0   0.0  0.0  0.0  0.0  0.0  0.0   0.0
Opposition             0   0   0.0   0.0   0.0   0.0  0.0  0.0  0.0  0.0  0.0   0.0
-----------------------------------------------------------------------------------





                                        Free Agents
-----------------------------------------------------------------------------------
                       G  MIN  FG%   FT%   3P%   REB   A    PF  BLK   TO  STL   PTS
-----------------------------------------------------------------------------------

Open                   0   0   0.0   0.0   0.0   0.0  0.0  0.0  0.0  0.0  0.0   0.0
Open                   0   0   0.0   0.0   0.0   0.0  0.0  0.0  0.0  0.0  0.0   0.0
Open                   0   0   0.0   0.0   0.0   0.0  0.0  0.0  0.0  0.0  0.0   0.0
Open                   0   0   0.0   0.0   0.0   0.0  0.0  0.0  0.0  0.0  0.0   0.0
Open                   0   0   0.0   0.0   0.0   0.0  0.0  0.0  0.0  0.0  0.0   0.0
Open                   0   0   0.0   0.0   0.0   0.0  0.0  0.0  0.0  0.0  0.0   0.0
Open                   0   0   0.0   0.0   0.0   0.0  0.0  0.0  0.0  0.0  0.0   0.0
Open                   0   0   0.0   0.0   0.0   0.0  0.0  0.0  0.0  0.0  0.0   0.0
Open                   0   0   0.0   0.0   0.0   0.0  0.0  0.0  0.0  0.0  0.0   0.0
Open                   0   0   0.0   0.0   0.0   0.0  0.0  0.0  0.0  0.0  0.0   0.0
Open                   0   0   0.0   0.0   0.0   0.0  0.0  0.0  0.0  0.0  0.0   0.0
Open                   0   0   0.0   0.0   0.0   0.0  0.0  0.0  0.0  0.0  0.0   0.0
Open                   0   0   0.0   0.0   0.0   0.0  0.0  0.0  0.0  0.0  0.0   0.0
Open                   0   0   0.0   0.0   0.0   0.0  0.0  0.0  0.0  0.0  0.0   0.0
-----------------------------------------------------------------------------------
Totals                 0   0   0.0   0.0   0.0   0.0  0.0  0.0  0.0  0.0  0.0   0.0
Opposition             0   0   0.0   0.0   0.0   0.0  0.0  0.0  0.0  0.0  0.0   0.0
-----------------------------------------------------------------------------------





                                        Free Agents
-----------------------------------------------------------------------------------
                       G  MIN  FG%   FT%   3P%   REB   A    PF  BLK   TO  STL   PTS
-----------------------------------------------------------------------------------

Open                   0   0   0.0   0.0   0.0   0.0  0.0  0.0  0.0  0.0  0.0   0.0
Open                   0   0   0.0   0.0   0.0   0.0  0.0  0.0  0.0  0.0  0.0   0.0
Open                   0   0   0.0   0.0   0.0   0.0  0.0  0.0  0.0  0.0  0.0   0.0
Open                   0   0   0.0   0.0   0.0   0.0  0.0  0.0  0.0  0.0  0.0   0.0
Open                   0   0   0.0   0.0   0.0   0.0  0.0  0.0  0.0  0.0  0.0   0.0
Open                   0   0   0.0   0.0   0.0   0.0  0.0  0.0  0.0  0.0  0.0   0.0
Open                   0   0   0.0   0.0   0.0   0.0  0.0  0.0  0.0  0.0  0.0   0.0
Open                   0   0   0.0   0.0   0.0   0.0  0.0  0.0  0.0  0.0  0.0   0.0
Open                   0   0   0.0   0.0   0.0   0.0  0.0  0.0  0.0  0.0  0.0   0.0
Open                   0   0   0.0   0.0   0.0   0.0  0.0  0.0  0.0  0.0  0.0   0.0
Open                   0   0   0.0   0.0   0.0   0.0  0.0  0.0  0.0  0.0  0.0   0.0
Open                   0   0   0.0   0.0   0.0   0.0  0.0  0.0  0.0  0.0  0.0   0.0
Open                   0   0   0.0   0.0   0.0   0.0  0.0  0.0  0.0  0.0  0.0   0.0
Open                   0   0   0.0   0.0   0.0   0.0  0.0  0.0  0.0  0.0  0.0   0.0
-----------------------------------------------------------------------------------
Totals                 0   0   0.0   0.0   0.0   0.0  0.0  0.0  0.0  0.0  0.0   0.0
Opposition             0   0   0.0   0.0   0.0   0.0  0.0  0.0  0.0  0.0  0.0   0.0
-----------------------------------------------------------------------------------





