                                        Houston Rockets
-----------------------------------------------------------------------------------
                       G  MIN  FG%   FT%   3P%   REB   A    PF  BLK   TO  STL   PTS
-----------------------------------------------------------------------------------

Kevin Durant          50  27  53.9  92.9  36.8   6.1  3.2  2.8  0.8  2.4  0.7  21.1
Kawhi Leonard         49  30  47.7  87.8  45.1   6.0  1.9  3.1  0.8  1.3  2.2  17.6
Chris Paul            53  30  47.8  91.7  38.4   3.6  8.3  3.1  0.1  2.6  2.6  16.7
Giannis Antetokounmpo 50  23  50.2  73.2  28.1   4.6  2.4  3.0  0.9  1.9  0.7  12.4
Michael Redd          50  19  46.4  80.5  41.6   3.3  1.3  1.5  0.1  0.8  0.6  11.8
Rajon Rondo           51  28  52.2  60.6  40.5   4.6  8.0  2.8  0.1  3.4  1.5  10.9
Nikola Jokic          53  21  53.8  83.7  36.8   6.0  1.9  4.3  0.4  1.5  1.2   9.8
Derrick Favors        30  16  50.4  72.2   0.0   3.9  0.6  1.7  0.4  1.0  0.6   9.5
Alvin Robertson       41  19  50.5  65.4  17.2   2.7  2.9  2.7  0.1  1.6  1.5   8.6
Aaron Gordon          47  14  51.7  60.9  22.6   3.6  1.2  1.9  0.2  0.7  0.4   6.1
Rudy Gobert           44  23  58.8  48.7   0.0   6.9  1.1  3.2  1.3  1.2  0.9   6.0
Ricky Rubio           53  15  40.2  88.5  26.8   2.1  4.3  1.6  0.0  1.5  1.2   5.5
Michael Kidd Gilchris 21   9  62.0  79.3  40.0   1.6  0.2  0.6  0.1  0.4  0.2   5.4
Boban Marjanovic      23   5  62.7  83.3   0.0   1.0  0.2  0.9  0.2  0.5  0.2   3.0
-----------------------------------------------------------------------------------
Totals                53  48  50.7  78.7  36.1  48.2 34.7 29.2  5.0 18.3 12.8 122.1
Opposition            53  48  46.1  76.0  32.9  43.5 26.9 27.1  6.2 18.0  9.6 114.1
-----------------------------------------------------------------------------------





                                        Phoenix Suns
-----------------------------------------------------------------------------------
                       G  MIN  FG%   FT%   3P%   REB   A    PF  BLK   TO  STL   PTS
-----------------------------------------------------------------------------------

Jrue Holiday          39  29  41.1  82.5  29.4   2.6  6.4  3.4  0.3  3.2  1.2  15.2
Eric Bledsoe          39  32  41.8  75.4  23.9   4.2  6.1  3.1  0.3  3.9  1.8  14.9
Loy Vaught            52  29  49.0  73.7   0.0   7.6  0.9  3.8  0.3  1.2  0.8  13.3
Kyle Lowry            42  27  40.0  83.1  34.5   3.9  6.7  3.0  0.1  3.1  1.3  12.5
Kenneth Faried        45  25  53.8  57.3 100.0   7.5  1.1  3.8  0.8  1.4  0.5  11.9
Nikola Mirotic        54  16  47.7  79.3  43.8   3.1  1.0  2.0  0.3  0.9  0.4   8.5
Bobby Jackson         53  15  41.3  85.6  23.4   2.0  1.4  1.6  0.0  0.9  0.5   7.9
Bruce Bolden          43  18  51.8  78.8  14.3   3.8  1.9  1.8  0.5  1.1  0.7   7.6
Nate Thurmond         51  25  46.3  66.7  40.0   7.3  1.3  2.9  2.3  1.1  0.5   7.3
Jermaine O'Neal       36  16  49.8  46.0   0.0   4.0  0.4  2.5  0.8  1.4  0.4   6.4
Donyell Marshall      37  17  36.9  89.7  26.0   3.9  1.0  1.9  0.6  0.9  0.5   6.1
Chuck Share           53  18  41.1  78.6   0.0   5.1  1.7  3.6  0.9  0.8  0.7   5.9
Flynn Robinson        40  11  38.7  85.1  18.6   0.9  1.3  2.0  0.1  0.7  0.6   4.9
Kevin Martin          19   7  43.2  80.0   0.0   0.7  0.6  0.8  0.1  0.6  0.3   2.5
-----------------------------------------------------------------------------------
Totals                54  48  44.5  77.3  30.6  47.6 24.9 30.1  6.4 16.7  8.3 107.3
Opposition            54  48  46.4  76.2  30.5  46.6 26.4 24.3  6.6 16.2 10.4 111.7
-----------------------------------------------------------------------------------





                                        Denver Nuggets
-----------------------------------------------------------------------------------
                       G  MIN  FG%   FT%   3P%   REB   A    PF  BLK   TO  STL   PTS
-----------------------------------------------------------------------------------

Bobby McDermott       53  36  44.8  75.1  34.7   4.0  6.0  3.2  0.4  3.1  1.4  19.3
Keith VanHorn         51  31  45.7  88.0  32.5   5.8  2.1  3.5  0.4  2.8  1.0  16.2
Earl Manigault        49  30  46.6  79.0  32.6   2.8  4.0  2.7  0.5  2.2  1.1  15.1
Andre Drummond        55  30  49.6  37.3   0.0  11.2  0.9  4.4  1.3  1.5  1.4  13.7
Dave DeBusschere      55  28  43.9  79.2  38.2   5.1  2.7  3.5  1.0  1.5  0.7  10.6
Jake Pelkington       49  25  47.8  77.6  31.9   4.7  2.8  4.6  0.9  2.3  0.6  10.4
Arvydas Sabonis       13  17  53.7  82.1  55.6   5.2  1.5  2.7  1.1  1.9  0.6   9.6
Glen Rice             55  21  38.6  82.8  32.5   2.5  1.2  1.9  0.2  1.2  0.5   9.4
Joe Barry Carroll     50  14  47.3  84.0   0.0   3.0  0.6  2.3  0.8  1.0  0.4   8.3
Charles Oakley        50  19  46.0  76.3   0.0   6.4  1.6  2.5  0.1  1.2  0.4   5.4
Terrell Brandon       51   7  41.4  84.4   0.0   0.6  1.5  0.7  0.2  0.7  0.4   2.9
Rony Seikaly          19   5  52.8  62.5   0.0   1.4  0.2  0.5  0.3  0.2  0.0   2.3
Joe Johnson           46   7  40.4  91.7  28.0   1.1  0.8  0.6  0.0  0.3  0.1   2.0
Ty Lawson             11   6  21.4  50.0   0.0   0.5  1.8  0.5  0.0  0.3  0.3   0.7
-----------------------------------------------------------------------------------
Totals                55  48  45.5  71.3  33.3  46.6 23.5 29.1  5.8 17.4  7.6 109.9
Opposition            55  48  48.9  76.7  35.3  47.0 30.0 25.2  6.1 15.9 10.7 117.8
-----------------------------------------------------------------------------------





                                        Portland Trailblazers
-----------------------------------------------------------------------------------
                       G  MIN  FG%   FT%   3P%   REB   A    PF  BLK   TO  STL   PTS
-----------------------------------------------------------------------------------

Earl Monroe           53  36  45.4  80.4  36.8   2.5  4.3  3.6  0.5  2.4  1.3  18.7
Richard Jefferson     51  33  49.5  86.9  22.4   7.2  3.4  3.1  0.2  2.1  1.1  15.9
Amare Stoudemire      32  30  55.2  69.1   0.0   7.0  1.3  4.6  1.3  2.8  0.9  15.6
Isiah Thomas          43  32  40.2  67.7  35.2   2.6  7.1  3.1  0.2  3.3  2.3  13.0
Doug Moe              53  24  43.9  81.5  46.4   4.4  2.0  2.6  0.8  1.9  1.4  11.6
Christian Laettner    54  22  49.4  81.8  13.8   5.4  1.6  3.0  0.9  2.1  0.9  10.7
Billy Cunningham      47  21  45.0  72.7  25.0   4.4  1.9  3.0  0.4  1.7  1.3  10.4
Draymond Green        51  28  42.5  64.3  27.0   6.8  3.4  3.6  1.3  1.9  1.6   9.4
Kevin Porter          23  21  47.6  79.2  25.0   1.0  5.9  2.3  0.0  2.2  0.8   7.8
Dave DeJernett        52  12  53.2  65.5 100.0   2.8  1.5  1.3  0.7  0.8  0.4   5.0
Hal Greer             47   8  54.8  70.0  42.9   0.9  0.6  1.0  0.2  0.4  0.3   4.5
Danny Manning         27   8  47.8  78.6   0.0   1.3  0.4  1.3  0.1  0.4  0.7   4.0
Bill Laimbeer         40   9  43.1  80.0  32.0   2.6  0.6  1.7  0.4  0.6  0.1   3.3
Jack Sikma            13   8  38.9  75.0   0.0   2.0  0.3  1.1  0.2  0.5  0.5   2.6
-----------------------------------------------------------------------------------
Totals                54  48  46.6  76.7  30.9  42.4 27.4 28.5  6.0 18.6 11.3 110.1
Opposition            54  48  47.3  76.1  33.5  49.5 28.2 27.7  6.4 18.8  9.3 116.1
-----------------------------------------------------------------------------------





                                        Oklahoma City Thunder
-----------------------------------------------------------------------------------
                       G  MIN  FG%   FT%   3P%   REB   A    PF  BLK   TO  STL   PTS
-----------------------------------------------------------------------------------

Demarcus Cousins      46  28  46.8  72.5  41.9   8.1  2.6  4.2  1.1  2.6  1.2  18.2
Elgin Baylor          54  35  44.9  76.3  20.8   8.6  2.9  3.9  1.3  2.2  1.6  17.7
Allen Iverson         51  25  43.0  75.3  37.7   2.7  5.4  2.5  0.2  2.7  1.3  13.9
Tyreke Evans          26  27  46.4  83.5  36.8   4.2  7.0  3.2  0.3  2.6  1.3  11.8
John Drew             46  23  47.3  64.5  22.2   4.7  1.3  2.8  0.3  1.3  0.7  11.4
Xavier McDaniel       53  19  50.4  74.0  35.7   3.9  1.2  2.8  0.2  1.3  0.6   8.7
Dwight Howard         44  18  54.7  53.2   0.0   6.2  0.7  2.5  0.7  1.0  0.6   8.5
Goose Tatum           49  19  46.5  64.0  20.0   4.6  1.4  2.5  1.4  1.1  0.6   8.3
Goran Dragic          46  12  45.4  71.9  35.0   1.2  1.6  1.2  0.1  0.8  0.3   5.5
Arnie Risen           34  13  49.6  67.1  33.3   3.7  0.6  2.1  0.8  0.4  0.2   5.2
Andrew Bynum          13   9  56.3  54.5   0.0   3.5  0.5  1.5  0.5  0.5  0.0   5.1
Brevin Knight         55  14  50.5  77.9   0.0   1.1  4.1  1.5  0.1  1.1  1.0   4.8
Ron Artest            39   8  50.5  82.1  60.0   1.3  1.1  1.0  0.2  0.6  0.7   3.9
Serge Ibaka           28   8  46.5  85.7  12.5   1.8  0.2  0.9  0.6  0.3  0.1   3.3
-----------------------------------------------------------------------------------
Totals                53  48  48.2  74.4  36.4  46.9 30.7 28.1  6.8 16.8  9.5 119.5
Opposition            53  48  48.0  78.3  32.7  46.2 29.5 28.8  5.6 16.1  8.9 119.5
-----------------------------------------------------------------------------------





                                        Cleveland Cavaliers
-----------------------------------------------------------------------------------
                       G  MIN  FG%   FT%   3P%   REB   A    PF  BLK   TO  STL   PTS
-----------------------------------------------------------------------------------

Carmelo Anthony       50  30  44.8  86.2  27.0   6.5  3.7  3.4  0.4  2.5  0.7  19.1
Al Green              55  31  51.8  82.0  25.2   2.5  4.4  2.9  0.1  2.4  0.7  17.3
Chauncey Billups      53  32  43.6  85.5  38.6   2.8  7.8  2.3  0.3  2.3  1.6  15.5
Maurice Lucas         55  26  45.7  73.2  14.3   6.9  2.2  3.6  0.5  2.2  0.7  11.6
Marcus Camby          34  28  53.0  77.3   0.0  10.1  2.1  3.1  2.3  1.1  1.1  10.5
Nerlens Noel          40  27  50.1  52.6 100.0   6.5  1.6  3.6  1.4  1.6  1.3   9.8
Corey Maggette        53  15  46.0  75.6  14.3   3.0  0.5  2.3  0.2  1.4  0.2   7.7
Devin Booker          51  13  45.5  85.7  28.9   1.0  1.3  1.6  0.0  1.3  0.2   7.2
Deron Williams        55  17  39.6  69.2  36.9   1.5  3.7  1.8  0.2  1.5  0.5   6.8
Tyson Chandler        54  16  62.8  69.6   0.0   4.9  0.5  2.6  0.6  0.5  0.4   5.9
Joakim Noah           20  23  45.7  45.7   0.0   7.2  4.8  3.8  1.2  1.8  0.8   5.6
Brent Barry           55  10  52.6  89.5  43.7   0.6  1.3  1.0  0.2  0.3  0.6   5.5
Willie CauleyStein    37  13  51.4  65.8   0.0   2.9  0.5  2.2  0.8  0.4  0.4   4.5
Boris Diaw            14   8  59.4 100.0  40.0   1.1  1.5  1.1  0.2  1.1  0.3   2.9
-----------------------------------------------------------------------------------
Totals                55  48  47.6  77.5  32.8  44.6 29.5 28.7  5.8 16.9  7.7 112.7
Opposition            55  48  48.8  77.4  35.6  46.7 29.8 23.8  6.7 16.1  9.2 119.5
-----------------------------------------------------------------------------------





                                        Orlando Magic
-----------------------------------------------------------------------------------
                       G  MIN  FG%   FT%   3P%   REB   A    PF  BLK   TO  STL   PTS
-----------------------------------------------------------------------------------

Mark Aguirre          51  32  48.4  69.5  39.9   5.1  2.5  3.8  0.4  2.5  0.8  21.7
Paul Pierce           51  34  43.4  86.6  31.7   5.2  4.8  3.4  0.4  2.5  1.2  18.4
Elton Brand           47  33  57.5  79.1   0.0   8.2  3.0  4.4  1.5  2.3  1.0  18.3
John Wall             50  34  38.5  76.4  38.9   4.4 10.0  2.8  0.8  4.2  2.1  15.4
Jim Paxson            51  17  49.2  86.7  39.4   1.3  1.3  1.4  0.1  0.8  1.0  10.9
Wilt Chamberlain      53  38  71.3  50.2   0.0  15.2  3.5  3.5  2.6  0.9  1.2   9.5
Cedric Ceballos       41  15  47.3  73.2  22.9   3.9  0.8  1.5  0.1  1.0  0.4   8.9
Kenyon Martin         47  17  47.5  60.3  16.7   4.3  1.1  2.5  0.5  1.2  0.6   7.9
Mike Conley           49  14  42.3  75.0  31.6   1.0  3.2  1.2  0.1  1.0  0.8   6.2
Clarence Weatherspoon 38  12  51.0  73.0   0.0   3.1  0.8  1.2  0.4  0.8  0.6   5.6
MR Richardson         29   8  42.5  76.2  16.7   1.1  1.8  0.8  0.1  1.0  0.8   3.0
Marcin Gortat         53   7  56.5  66.7   0.0   1.8  0.4  0.8  0.5  0.3  0.2   2.8
Connie Hawkins         6   6  37.5  87.5   0.0   1.8  0.5  1.0  0.0  0.7  0.2   2.2
Vlade Divac            9   4  56.3  50.0   0.0   0.6  0.1  0.4  0.1  0.1  0.1   2.1
-----------------------------------------------------------------------------------
Totals                53  48  48.3  73.9  35.6  50.5 30.4 25.2  6.8 16.8  9.7 118.0
Opposition            53  48  43.2  77.8  29.2  44.9 25.1 28.1  6.2 16.9  9.6 105.4
-----------------------------------------------------------------------------------





                                        Toronto Raptors
-----------------------------------------------------------------------------------
                       G  MIN  FG%   FT%   3P%   REB   A    PF  BLK   TO  STL   PTS
-----------------------------------------------------------------------------------

Karl Malone           53  32  52.8  80.3   0.0   7.5  3.7  3.5  0.5  2.7  0.8  20.0
Oscar Schmidt         50  29  50.5  78.0  39.3   4.2  1.4  2.6  0.3  1.5  0.9  18.7
Michael Adams         53  31  35.6  86.6  30.5   3.1  8.8  2.5  0.1  3.4  2.3  16.3
Pau Gasol             52  29  53.9  85.2  44.4   9.3  2.5  3.2  1.8  1.4  0.4  15.0
Clyde Drexler         35  33  45.7  77.4  32.9   6.3  6.4  2.9  0.6  2.2  2.1  14.2
Charles Barkley       37  32  47.0  74.0  21.2  10.6  3.5  3.5  0.4  2.4  1.0  12.7
Jason Richardson      53  20  46.0  65.0  37.6   3.1  1.8  1.9  0.3  1.2  1.0  11.2
Larry Jones           53  17  42.4  86.2  29.6   1.5  3.2  1.3  0.1  1.1  0.7   8.4
Joe Lapchick          53  18  49.3  76.4  30.6   4.8  1.8  2.4  1.2  1.3  1.2   6.6
Brad Daugherty        47   8  49.3  77.8   0.0   2.1  0.9  0.9  0.2  0.6  0.2   4.7
Gary Payton           46  10  47.2  61.1  21.4   1.2  1.6  0.9  0.0  0.7  0.4   4.5
Orlando Woolridge     43   7  49.7  68.1  30.0   1.7  0.6  0.7  0.1  0.6  0.2   4.2
Mel Hutchins           7   9  41.2  75.0   0.0   1.7  0.6  1.0  0.7  0.1  0.3   2.4
Steve Smith            8   6  35.7  75.0  33.3   0.6  0.9  0.3  0.0  0.1  0.1   2.1
-----------------------------------------------------------------------------------
Totals                53  48  47.2  77.8  32.5  48.8 30.5 24.1  5.1 17.2  9.4 124.2
Opposition            53  48  48.9  76.6  35.6  45.5 30.3 30.2  6.0 18.0  9.3 117.3
-----------------------------------------------------------------------------------





                                        Detroit Pistons
-----------------------------------------------------------------------------------
                       G  MIN  FG%   FT%   3P%   REB   A    PF  BLK   TO  STL   PTS
-----------------------------------------------------------------------------------

Jimmy Butler          44  36  43.5  85.1  31.9   4.4  3.2  2.4  0.5  1.5  2.1  19.0
Shareef AbdurRahim    55  35  43.7  89.8  27.5   7.2  3.4  3.4  1.0  2.8  1.3  18.6
Julius Erving         53  28  46.5  75.3  35.3   4.3  2.8  2.8  1.4  1.9  1.5  12.7
John Stockton         49  27  52.5  80.7  47.0   2.3  8.9  2.5  0.2  2.1  1.9  10.5
Bill Walton           35  24  57.7  64.7   0.0   7.3  4.0  3.5  1.5  2.3  0.7   9.4
Sam Cassell           46  18  47.2  87.2  30.6   2.5  4.2  1.9  0.1  1.3  0.5   8.2
Zelmo Beaty           45  19  47.8  76.3  33.3   4.7  0.8  2.7  0.7  1.0  0.3   7.5
Dave Bing             55  14  43.3  72.1  19.3   1.3  2.7  1.1  0.0  1.2  0.7   6.9
Bob Brannum           50  20  49.6  73.9  15.8   4.6  2.0  2.4  0.9  1.1  0.9   6.6
Jordan Hill           44  12  56.5  66.7   0.0   4.7  0.5  2.0  0.4  0.5  0.2   6.3
WorldB Free           33  12  50.3  68.4  26.1   1.2  1.4  1.1  0.1  1.0  0.2   6.1
Damon Stoudamire      44  13  42.2  79.4  45.3   1.7  3.0  1.0  0.1  1.3  0.5   6.0
Tom Gola              41  12  46.2  70.6  36.6   1.9  1.8  1.7  0.2  1.1  0.5   4.5
Kevin McHale          23   9  58.7  66.7   0.0   2.2  0.1  1.3  0.5  0.6  0.0   3.7
-----------------------------------------------------------------------------------
Totals                55  48  50.1  74.3  32.2  47.1 32.1 26.2  6.5 16.4 10.4 119.2
Opposition            55  48  45.4  75.7  29.1  47.9 27.9 27.0  5.7 18.2  9.0 112.3
-----------------------------------------------------------------------------------





                                        Rochester Royals
-----------------------------------------------------------------------------------
                       G  MIN  FG%   FT%   3P%   REB   A    PF  BLK   TO  STL   PTS
-----------------------------------------------------------------------------------

Jack Twyman           53  35  47.7  79.4  41.5   4.8  2.7  4.2  0.9  2.3  1.2  19.2
Jim Jackson           43  35  45.3  83.7  26.9   4.7  3.3  2.3  0.3  2.9  0.6  18.2
Pete Maravich         51  33  40.6  78.2  30.3   5.2  6.2  3.0  0.2  2.6  1.4  14.9
Spencer Haywood       48  35  45.0  80.6  22.2   9.0  1.8  3.5  1.8  2.2  0.8  14.2
Larry Kenon           52  28  49.0  88.3   0.0   7.7  2.2  3.1  0.3  1.7  0.8  12.0
Stephon Marbury       50  24  44.2  82.7  29.2   2.1  5.3  1.9  0.0  2.3  1.0  11.2
Elmore Smith          48  25  45.0  55.2   0.0   7.3  1.6  3.5  2.4  1.5  0.5   8.5
Vince Carter          53  16  45.8  76.1  26.5   2.2  1.8  2.3  0.8  1.2  0.4   7.9
Sherman White         49  11  51.4  74.0  60.0   3.2  0.8  1.7  0.4  0.4  0.4   6.1
Otis Birdsong         39   8  49.6  68.3  47.1   0.6  0.8  0.9  0.1  0.5  0.3   4.1
Rasheed Wallace       20   8  60.8  85.7  50.0   1.8  0.3  1.5  0.4  0.3  0.3   3.8
Larry Costello        21   8  50.0  66.7  22.2   0.6  1.6  1.0  0.3  0.5  0.2   3.0
Clifford Robinson     34   6  39.5  73.7  24.1   1.5  0.4  0.9  0.1  0.3  0.1   2.6
Billy Paultz           6   7  30.0  50.0   0.0   2.0  0.5  1.8  0.7  0.3  0.0   1.3
-----------------------------------------------------------------------------------
Totals                53  48  45.8  78.1  31.1  45.6 25.8 26.3  7.2 16.7  7.0 112.2
Opposition            53  48  46.0  77.1  32.9  51.2 29.4 27.8  5.8 16.8  9.2 116.2
-----------------------------------------------------------------------------------





                                        KC-Omaha Kings
-----------------------------------------------------------------------------------
                       G  MIN  FG%   FT%   3P%   REB   A    PF  BLK   TO  STL   PTS
-----------------------------------------------------------------------------------

Mel Riebe             53  28  47.5  76.0  28.2   2.4  2.9  2.4  0.2  2.5  0.9  15.5
Benny Borgmann        48  22  45.8  74.9  29.2   1.8  2.1  2.4  0.3  1.9  1.3  14.0
Eddie Jones           54  31  49.1  76.1  38.8   3.6  3.2  3.0  0.4  1.9  2.0  13.9
Bailey Howell         51  29  48.8  85.1  33.9   6.5  1.3  3.8  1.4  1.6  0.9  13.5
Bob Kurland           53  29  48.4  55.7   0.0   7.3  2.3  4.1  2.1  1.8  0.7  13.4
Larry Foust           55  30  42.2  76.6  33.3   9.3  2.5  4.1  1.5  1.9  0.9  11.9
Chris Bosh            37  20  44.4  80.5  33.9   4.2  1.7  2.1  0.2  1.4  0.7  11.2
Bernie Price          27  14  50.6  66.0  40.0   3.2  1.0  2.2  0.4  0.9  0.2   9.2
Purvis Short          53  15  47.8  82.8  51.2   2.3  1.3  1.7  0.0  1.2  0.8   8.5
Mel Daniels           53  12  43.8  76.5   0.0   4.1  0.9  1.7  0.8  0.9  0.2   5.1
Nate McMillan         55  21  41.3  53.6  32.6   3.9  6.5  2.7  0.4  1.9  1.5   3.9
Terry Tyler           36   9  47.6  58.3  25.0   2.1  0.4  0.9  0.8  0.4  0.3   3.0
Don Buse              32   8  54.2  70.0  41.7   0.6  1.0  0.7  0.0  0.3  0.3   2.2
Bill Bridges           7   8  28.6   0.0  50.0   2.0  0.9  1.9  0.3  1.3  0.3   1.3
-----------------------------------------------------------------------------------
Totals                55  48  46.6  73.7  35.9  46.2 25.0 28.6  7.7 17.0  9.7 110.6
Opposition            55  48  45.8  76.9  31.0  48.9 27.7 25.3  6.3 17.3  9.8 113.3
-----------------------------------------------------------------------------------





                                        Boston Celtics
-----------------------------------------------------------------------------------
                       G  MIN  FG%   FT%   3P%   REB   A    PF  BLK   TO  STL   PTS
-----------------------------------------------------------------------------------

James Harden          54  33  45.9  87.3  30.7   4.5  6.8  3.4  0.5  4.3  1.6  22.1
LaMarcus Aldridge     43  27  56.0  76.7   0.0   7.2  0.9  3.5  1.0  1.1  0.7  15.7
Victor Oladipo        48  28  47.3  84.2  34.4   3.9  3.4  3.0  0.8  2.4  1.7  12.8
Gordon Hayward        54  23  47.9  81.4  29.5   2.7  1.9  1.9  0.3  1.7  0.6  12.1
Kristaps Porzingis    49  22  44.5  79.7  32.4   6.0  1.0  3.1  1.3  1.8  0.6  11.4
Evan Turner           54  30  42.9  83.3  17.1   4.4  5.1  2.8  0.5  2.1  1.1   9.9
Dave Cowens           54  21  46.7  67.7  17.2   6.9  1.6  2.6  0.9  1.2  0.7   9.0
Jared Sullinger       54  25  43.4  55.1  16.7   7.6  2.8  3.5  0.7  1.4  1.1   8.5
Brandon Knight        51  10  41.4  89.9  29.4   1.2  1.5  1.0  0.0  1.2  0.2   5.5
Mark Jackson          54  17  47.7  69.2  40.2   2.3  4.6  1.1  0.0  1.5  0.7   5.1
Ken Norman            48   8  57.4  51.6  50.0   1.9  0.4  0.8  0.1  0.7  0.2   4.3
Julius Randle         15  14  32.3  64.7   0.0   4.7  1.2  2.5  0.2  0.7  0.1   4.3
Elfrid Payton         32   9  42.7  65.6  16.7   1.2  2.6  0.8  0.1  0.8  0.5   3.3
Jahlil Okafor          4   4  30.0   0.0   0.0   1.0  0.3  0.8  0.0  0.0  0.0   1.5
-----------------------------------------------------------------------------------
Totals                54  48  46.7  79.5  30.0  47.9 31.2 26.4  5.9 19.1  9.2 113.1
Opposition            54  48  47.7  75.8  33.6  47.1 29.4 24.6  6.0 17.7  9.6 116.0
-----------------------------------------------------------------------------------





                                        Syracuse Nationals
-----------------------------------------------------------------------------------
                       G  MIN  FG%   FT%   3P%   REB   A    PF  BLK   TO  STL   PTS
-----------------------------------------------------------------------------------

LeBron James          49  30  57.0  73.3  26.1   7.1  4.6  2.5  0.5  3.0  1.1  20.3
Steve Nash            53  32  50.2  93.8  37.5   3.7  9.3  1.7  0.2  3.6  0.5  15.8
Demar DeRozan         51  23  47.6  86.3  26.3   2.9  2.9  1.8  0.1  1.5  0.6  14.9
Maurice Stokes        54  33  43.7  69.1  35.0  10.4  4.2  3.9  1.9  2.1  1.3  13.8
Scottie Pippen        44  30  50.1  72.3  33.8   4.1  4.5  3.1  0.5  1.9  1.4  11.9
Calvin Murphy         49  17  44.8  85.7  28.8   1.2  2.1  2.5  0.0  1.0  0.7   9.9
Swen Nater            52  25  44.5  77.9  16.7   7.5  1.6  3.0  0.4  1.2  0.4   9.4
David Robinson        35  23  47.8  76.2   0.0   6.6  0.9  2.2  1.5  1.1  1.0   8.1
Vern Mikkelsen        54  17  50.4  80.7  50.0   4.3  0.9  2.1  0.9  0.8  0.5   7.7
Paul Pressey          54  15  54.2  77.9  42.5   2.2  3.2  1.5  0.2  1.4  0.7   6.4
Stan Patrick          36  11  48.1  68.6  40.0   1.3  1.1  0.9  0.2  1.0  0.4   5.6
Reggie Miller          9  10  50.0  87.5  46.7   0.8  1.2  0.7  0.0  0.3  0.4   5.4
Red Kerr              18  10  47.9  64.7   0.0   2.1  0.3  0.8  0.5  0.6  0.2   5.0
Dennis Rodman         38   7  51.0  41.9   0.0   1.8  0.3  1.3  0.1  0.5  0.3   3.0
-----------------------------------------------------------------------------------
Totals                54  48  49.0  79.1  33.5  48.5 33.2 24.1  5.9 17.5  8.0 117.4
Opposition            54  48  47.6  77.4  32.1  44.9 28.5 25.4  5.8 16.4  8.8 115.2
-----------------------------------------------------------------------------------





                                        Washington Wizards
-----------------------------------------------------------------------------------
                       G  MIN  FG%   FT%   3P%   REB   A    PF  BLK   TO  STL   PTS
-----------------------------------------------------------------------------------

Bob Lanier            53  30  48.6  82.0  14.3   9.2  2.2  3.9  1.9  2.4  1.1  17.0
Klay Thompson         53  29  45.4  86.7  37.2   3.2  1.8  2.2  0.3  1.4  0.5  16.1
Jerry Lucas           51  37  49.5  84.0  37.4  12.9  2.6  3.4  0.7  1.8  0.9  14.4
Paul George           53  23  45.2  86.4  35.2   4.2  2.5  2.7  0.2  2.6  1.5  13.4
Jeff Teague           48  27  43.1  81.3  41.3   2.5  8.1  2.7  0.3  2.8  1.7  11.6
Derek Harper          52  23  46.6  67.3  41.8   1.7  5.2  2.0  0.1  1.1  1.3   9.7
Andrei Kirilenko      53  22  48.9  80.8  28.2   4.5  1.6  2.7  1.1  1.4  1.6   9.6
Kemba Walker          52  17  42.0  87.7  41.0   1.9  2.8  0.9  0.3  1.0  1.0   9.3
Leroy Loggins         39  13  46.4  76.8  23.1   2.1  0.6  1.5  0.2  1.0  0.4   5.8
George Glamack        44  13  49.1  59.3  29.0   3.3  1.0  1.5  0.6  0.5  0.3   5.5
Inman Jackson         31  14  48.6  59.6   0.0   4.0  1.0  1.7  0.5  0.8  0.5   5.3
Patrick Ewing         54  11  43.4  60.0   0.0   3.2  0.4  1.8  0.8  0.9  0.3   5.1
Reggie Jackson        13   9  58.3  82.4  45.5   1.0  1.4  0.8  0.1  0.5  0.4   4.7
Willie Wise            3   5  33.3 100.0  50.0   1.3  0.3  1.0  0.3  0.7  0.0   3.0
-----------------------------------------------------------------------------------
Totals                54  48  46.5  79.1  37.2  48.6 27.9 25.1  6.6 16.5 10.6 115.5
Opposition            54  48  45.3  76.0  29.2  47.7 27.6 26.4  6.2 17.3  9.5 109.1
-----------------------------------------------------------------------------------





                                        Brooklyn Nets
-----------------------------------------------------------------------------------
                       G  MIN  FG%   FT%   3P%   REB   A    PF  BLK   TO  STL   PTS
-----------------------------------------------------------------------------------

Leroy Edwards         20  30  44.3  80.8  13.3   8.0  2.6  4.2  1.4  2.4  2.4  18.2
Nat Holman            51  28  43.4  79.5  30.6   2.6  3.6  2.2  0.4  3.1  1.7  14.2
Ed Macauley           54  28  49.4  72.6  20.9   6.2  2.5  4.1  1.1  1.7  1.2  12.5
Zach LaVine           54  24  47.1  76.1  37.9   2.1  3.7  2.9  0.1  1.6  0.7  12.1
Ruben Patterson       52  25  50.0  73.7  19.2   4.1  1.7  2.3  0.6  1.8  1.3  11.5
D'Angelo Russell      53  25  39.6  70.5  38.2   2.8  3.8  2.4  0.2  2.5  1.2  10.4
Myles Turner          54  24  42.9  72.7  13.3   5.4  0.8  4.1  1.2  1.1  0.5  10.0
Stanley Johnson       51  23  34.2  79.3  26.7   4.0  1.9  3.9  0.1  1.9  0.9   7.4
Horse Haggerty        53  16  49.3  58.9   0.0   4.6  0.9  2.4  1.2  1.5  0.3   7.3
Justise Winslow       53  25  41.1  65.7  24.1   4.5  1.7  3.1  0.3  1.6  0.7   5.7
Mario Hezonja         43  14  37.8  88.9  29.9   1.7  1.4  1.8  0.1  1.2  0.4   4.8
Derrick Coleman        9  10  37.1  55.6  33.3   2.3  0.4  1.2  0.6  1.8  0.1   3.7
Clint Capela          21   9  42.4  18.5   0.0   3.4  0.2  2.0  0.8  0.6  0.0   3.1
Dante Exum             2   6   0.0   0.0   0.0   0.0  0.0  4.0  0.0  0.0  0.0   0.0
-----------------------------------------------------------------------------------
Totals                54  48  44.4  71.9  29.3  41.5 20.8 31.0  6.0 17.9  9.6 102.1
Opposition            54  48  49.7  76.8  35.1  50.6 29.0 23.4  6.0 17.2 10.0 120.4
-----------------------------------------------------------------------------------





