           
                                        Free Agents
-----------------------------------------------------------------------------------
                       G  MIN  FG%   FT%   3P%   REB   A    PF  BLK   TO  STL   PTS
-----------------------------------------------------------------------------------

Open                   1   1   0.0   0.0   0.0   0.0  0.0  0.0  0.0  0.0  0.0   0.0
Open                   1   1   0.0   0.0   0.0   0.0  0.0  0.0  0.0  0.0  0.0   0.0
Open                   1   1   0.0   0.0   0.0   0.0  0.0  0.0  0.0  0.0  0.0   0.0
Open                   1   1   0.0   0.0   0.0   0.0  0.0  0.0  0.0  0.0  0.0   0.0
Open                   1   1   0.0   0.0   0.0   0.0  0.0  0.0  0.0  0.0  0.0   0.0
Open                   1   1   0.0   0.0   0.0   0.0  0.0  0.0  0.0  0.0  0.0   0.0
Open                   1   1   0.0   0.0   0.0   0.0  0.0  0.0  0.0  0.0  0.0   0.0
Open                   1   1   0.0   0.0   0.0   0.0  0.0  0.0  0.0  0.0  0.0   0.0
Open                   1   1   0.0   0.0   0.0   0.0  0.0  0.0  0.0  0.0  0.0   0.0
Open                   1   1   0.0   0.0   0.0   0.0  0.0  0.0  0.0  0.0  0.0   0.0
Open                   1   1   0.0   0.0   0.0   0.0  0.0  0.0  0.0  0.0  0.0   0.0
Open                   1   1   0.0   0.0   0.0   0.0  0.0  0.0  0.0  0.0  0.0   0.0
Open                   1   1   0.0   0.0   0.0   0.0  0.0  0.0  0.0  0.0  0.0   0.0
Open                   1   1   0.0   0.0   0.0   0.0  0.0  0.0  0.0  0.0  0.0   0.0
-----------------------------------------------------------------------------------





                                        Free Agents
-----------------------------------------------------------------------------------
                       G  MIN  FG%   FT%   3P%   REB   A    PF  BLK   TO  STL   PTS
-----------------------------------------------------------------------------------

Open                   1   1   0.0   0.0   0.0   0.0  0.0  0.0  0.0  0.0  0.0   0.0
Open                   1   1   0.0   0.0   0.0   0.0  0.0  0.0  0.0  0.0  0.0   0.0
Open                   1   1   0.0   0.0   0.0   0.0  0.0  0.0  0.0  0.0  0.0   0.0
Open                   1   1   0.0   0.0   0.0   0.0  0.0  0.0  0.0  0.0  0.0   0.0
Open                   1   1   0.0   0.0   0.0   0.0  0.0  0.0  0.0  0.0  0.0   0.0
Open                   1   1   0.0   0.0   0.0   0.0  0.0  0.0  0.0  0.0  0.0   0.0
Open                   1   1   0.0   0.0   0.0   0.0  0.0  0.0  0.0  0.0  0.0   0.0
Open                   1   1   0.0   0.0   0.0   0.0  0.0  0.0  0.0  0.0  0.0   0.0
Open                   1   1   0.0   0.0   0.0   0.0  0.0  0.0  0.0  0.0  0.0   0.0
Open                   1   1   0.0   0.0   0.0   0.0  0.0  0.0  0.0  0.0  0.0   0.0
Open                   1   1   0.0   0.0   0.0   0.0  0.0  0.0  0.0  0.0  0.0   0.0
Open                   1   1   0.0   0.0   0.0   0.0  0.0  0.0  0.0  0.0  0.0   0.0
Open                   1   1   0.0   0.0   0.0   0.0  0.0  0.0  0.0  0.0  0.0   0.0
Open                   1   1   0.0   0.0   0.0   0.0  0.0  0.0  0.0  0.0  0.0   0.0
-----------------------------------------------------------------------------------





                                        Free Agents
-----------------------------------------------------------------------------------
                       G  MIN  FG%   FT%   3P%   REB   A    PF  BLK   TO  STL   PTS
-----------------------------------------------------------------------------------

Open                   1   1   0.0   0.0   0.0   0.0  0.0  0.0  0.0  0.0  0.0   0.0
Open                   1   1   0.0   0.0   0.0   0.0  0.0  0.0  0.0  0.0  0.0   0.0
Open                   1   1   0.0   0.0   0.0   0.0  0.0  0.0  0.0  0.0  0.0   0.0
Open                   1   1   0.0   0.0   0.0   0.0  0.0  0.0  0.0  0.0  0.0   0.0
Open                   1   1   0.0   0.0   0.0   0.0  0.0  0.0  0.0  0.0  0.0   0.0
Open                   1   1   0.0   0.0   0.0   0.0  0.0  0.0  0.0  0.0  0.0   0.0
Open                   1   1   0.0   0.0   0.0   0.0  0.0  0.0  0.0  0.0  0.0   0.0
Open                   1   1   0.0   0.0   0.0   0.0  0.0  0.0  0.0  0.0  0.0   0.0
Open                   1   1   0.0   0.0   0.0   0.0  0.0  0.0  0.0  0.0  0.0   0.0
Open                   1   1   0.0   0.0   0.0   0.0  0.0  0.0  0.0  0.0  0.0   0.0
Open                   1   1   0.0   0.0   0.0   0.0  0.0  0.0  0.0  0.0  0.0   0.0
Open                   1   1   0.0   0.0   0.0   0.0  0.0  0.0  0.0  0.0  0.0   0.0
Open                   1   1   0.0   0.0   0.0   0.0  0.0  0.0  0.0  0.0  0.0   0.0
Open                   1   1   0.0   0.0   0.0   0.0  0.0  0.0  0.0  0.0  0.0   0.0
-----------------------------------------------------------------------------------





                                        Free Agents
-----------------------------------------------------------------------------------
                       G  MIN  FG%   FT%   3P%   REB   A    PF  BLK   TO  STL   PTS
-----------------------------------------------------------------------------------

Open                   1   1   0.0   0.0   0.0   0.0  0.0  0.0  0.0  0.0  0.0   0.0
Open                   1   1   0.0   0.0   0.0   0.0  0.0  0.0  0.0  0.0  0.0   0.0
Open                   1   1   0.0   0.0   0.0   0.0  0.0  0.0  0.0  0.0  0.0   0.0
Open                   1   1   0.0   0.0   0.0   0.0  0.0  0.0  0.0  0.0  0.0   0.0
Open                   1   1   0.0   0.0   0.0   0.0  0.0  0.0  0.0  0.0  0.0   0.0
Open                   1   1   0.0   0.0   0.0   0.0  0.0  0.0  0.0  0.0  0.0   0.0
Open                   1   1   0.0   0.0   0.0   0.0  0.0  0.0  0.0  0.0  0.0   0.0
Open                   1   1   0.0   0.0   0.0   0.0  0.0  0.0  0.0  0.0  0.0   0.0
Open                   1   1   0.0   0.0   0.0   0.0  0.0  0.0  0.0  0.0  0.0   0.0
Open                   1   1   0.0   0.0   0.0   0.0  0.0  0.0  0.0  0.0  0.0   0.0
Open                   1   1   0.0   0.0   0.0   0.0  0.0  0.0  0.0  0.0  0.0   0.0
Open                   1   1   0.0   0.0   0.0   0.0  0.0  0.0  0.0  0.0  0.0   0.0
Open                   1   1   0.0   0.0   0.0   0.0  0.0  0.0  0.0  0.0  0.0   0.0
Open                   1   1   0.0   0.0   0.0   0.0  0.0  0.0  0.0  0.0  0.0   0.0
-----------------------------------------------------------------------------------





                                        Free Agents
-----------------------------------------------------------------------------------
                       G  MIN  FG%   FT%   3P%   REB   A    PF  BLK   TO  STL   PTS
-----------------------------------------------------------------------------------

Open                   1   1   0.0   0.0   0.0   0.0  0.0  0.0  0.0  0.0  0.0   0.0
Open                   1   1   0.0   0.0   0.0   0.0  0.0  0.0  0.0  0.0  0.0   0.0
Open                   1   1   0.0   0.0   0.0   0.0  0.0  0.0  0.0  0.0  0.0   0.0
Open                   1   1   0.0   0.0   0.0   0.0  0.0  0.0  0.0  0.0  0.0   0.0
Open                   1   1   0.0   0.0   0.0   0.0  0.0  0.0  0.0  0.0  0.0   0.0
Open                   1   1   0.0   0.0   0.0   0.0  0.0  0.0  0.0  0.0  0.0   0.0
Open                   1   1   0.0   0.0   0.0   0.0  0.0  0.0  0.0  0.0  0.0   0.0
Open                   1   1   0.0   0.0   0.0   0.0  0.0  0.0  0.0  0.0  0.0   0.0
Open                   1   1   0.0   0.0   0.0   0.0  0.0  0.0  0.0  0.0  0.0   0.0
Open                   1   1   0.0   0.0   0.0   0.0  0.0  0.0  0.0  0.0  0.0   0.0
Open                   1   1   0.0   0.0   0.0   0.0  0.0  0.0  0.0  0.0  0.0   0.0
Open                   1   1   0.0   0.0   0.0   0.0  0.0  0.0  0.0  0.0  0.0   0.0
Open                   1   1   0.0   0.0   0.0   0.0  0.0  0.0  0.0  0.0  0.0   0.0
Open                   1   1   0.0   0.0   0.0   0.0  0.0  0.0  0.0  0.0  0.0   0.0
-----------------------------------------------------------------------------------





