                                        Houston Rockets
-----------------------------------------------------------------------------------
                       G  MIN  FG%   FT%   3P%   REB   A    PF  BLK   TO  STL   PTS
-----------------------------------------------------------------------------------

Kevin Durant          72  36  52.1  89.4  38.6   8.1  5.5  2.2  1.3  4.0  1.0  29.6
Kawhi Leonard         72  33  52.2  86.9  44.0   6.8  2.8  2.1  1.1  1.7  2.0  22.2
Chris Paul            74  33  47.7  89.2  36.9   4.2 11.0  2.9  0.2  3.0  2.3  20.6
Giannis Antetokounmpo 80  35  52.3  72.0  25.3   7.6  4.8  3.7  1.5  3.0  1.3  18.2
Derrick Favors        62  32  53.1  70.5   0.0   8.1  1.7  2.8  1.6  1.9  1.3  17.6
Alvin Robertson       65  35  47.2  70.9  22.7   5.8  5.8  3.9  0.6  3.4  2.9  16.6
Michael Kidd Gilchris  7  29  56.5  70.6  40.0   6.4  1.4  1.4  0.4  1.3  0.4  13.7
Michael Redd          67  21  50.6  79.1  44.3   3.4  1.5  1.6  0.1  1.0  0.7  12.9
Rajon Rondo           72  35  46.8  57.9  36.1   6.0 12.8  2.8  0.2  4.4  2.2  12.4
Ricky Rubio           76  30  38.6  84.5  32.4   4.3  9.5  3.0  0.1  2.9  2.4  10.8
Nikola Jokic          80  22  52.5  80.5  33.3   7.0  2.6  3.0  0.7  1.5  1.1  10.6
Rudy Gobert           61  31  57.7  56.5   0.0  10.9  1.6  3.1  2.3  2.1  0.8  10.0
Aaron Gordon          78  24  48.7  66.8  29.7   6.5  1.8  2.2  0.8  1.0  0.8   9.8
Boban Marjanovic      48  14  51.5  78.8   0.0   3.5  0.6  2.3  0.6  1.6  0.4   6.0
-----------------------------------------------------------------------------------





                                        Phoenix Suns
-----------------------------------------------------------------------------------
                       G  MIN  FG%   FT%   3P%   REB   A    PF  BLK   TO  STL   PTS
-----------------------------------------------------------------------------------

Eric Bledsoe          43  33  48.9  77.1  34.8   4.8  6.1  2.6  0.4  3.7  1.8  19.1
Jrue Holiday          65  28  45.2  83.7  33.3   3.0  6.6  2.6  0.4  3.0  1.5  17.6
Bruce Bolden          82  38  50.8  78.8  17.3   8.2  3.5  3.2  1.2  3.3  1.6  17.0
Kyle Lowry            58  32  42.5  86.5  37.8   4.7  7.8  3.4  0.3  3.2  1.8  16.2
Nikola Mirotic        82  28  48.6  81.5  35.4   4.9  1.8  2.3  0.7  1.3  1.0  15.0
Kenneth Faried        67  25  57.5  61.0 100.0   8.6  1.3  2.9  1.0  1.6  0.5  13.4
Bobby Jackson         81  21  46.4  80.9  35.9   3.2  2.3  2.0  0.1  1.4  1.0  12.5
Loy Vaught            75  28  53.7  73.7   0.0   8.9  1.0  3.1  0.3  1.3  1.0  12.1
Flynn Robinson        77  15  48.3  80.7  34.7   1.3  1.6  2.3  0.1  0.9  0.8   8.3
Nate Thurmond         78  26  42.5  57.4  33.3   7.8  1.3  2.1  2.6  0.9  0.5   6.5
Donyell Marshall      62  15  40.1  79.3  28.7   3.6  0.9  1.4  0.5  0.8  0.4   6.0
Chuck Share           78  16  45.0  77.3   0.0   5.1  1.2  2.6  1.1  0.8  0.6   5.7
Jermaine O'Neal       60  13  50.2  52.1   0.0   3.5  0.3  1.8  1.0  1.0  0.3   5.0
Kevin Martin          45  10  39.7  64.4  18.5   1.3  0.6  0.8  0.1  0.6  0.4   3.2
-----------------------------------------------------------------------------------





                                        Denver Nuggets
-----------------------------------------------------------------------------------
                       G  MIN  FG%   FT%   3P%   REB   A    PF  BLK   TO  STL   PTS
-----------------------------------------------------------------------------------

Bobby McDermott       77  38  48.2  79.0  35.1   4.6  6.0  3.1  0.4  3.1  1.6  25.6
Earl Manigault        72  35  47.6  80.8  36.1   3.4  4.6  2.3  0.6  2.3  1.6  20.3
Joe Barry Carroll     81  33  45.8  77.7   0.0   7.2  2.5  3.0  1.5  2.7  1.1  19.9
Glen Rice             82  37  43.3  81.8  39.9   5.2  2.2  2.5  0.3  2.0  1.1  19.8
Keith VanHorn         72  32  48.3  85.9  40.4   7.2  1.9  3.2  0.5  2.7  1.0  18.6
Andre Drummond        81  33  53.6  35.3  25.0  14.7  0.9  3.5  1.5  2.2  1.6  17.4
Rony Seikaly          72  33  48.9  73.9   0.0  10.4  1.9  4.1  1.4  2.8  0.8  15.7
Arvydas Sabonis        5  28  49.0  81.5  37.5   9.6  2.0  3.2  1.6  2.6  1.0  14.6
Jake Pelkington       70  26  51.5  80.3  34.9   5.6  3.1  3.7  0.9  1.7  0.6  13.7
Dave DeBusschere      82  29  45.5  74.1  35.6   6.6  2.8  2.8  1.1  1.5  1.0  12.2
Charles Oakley        76  36  50.7  77.0   0.0  12.2  2.7  3.8  0.2  2.9  0.8  10.9
Joe Johnson           77  25  45.1  77.4  28.9   3.4  2.6  1.6  0.2  1.1  0.9   8.5
Terrell Brandon       82  19  41.3  79.8   5.8   2.0  3.9  1.4  0.3  1.8  1.0   7.3
Ty Lawson             66  21  40.3  68.6  33.3   1.8  4.0  1.5  0.1  1.7  0.9   5.9
-----------------------------------------------------------------------------------





                                        Portland Trailblazers
-----------------------------------------------------------------------------------
                       G  MIN  FG%   FT%   3P%   REB   A    PF  BLK   TO  STL   PTS
-----------------------------------------------------------------------------------

Earl Monroe           80  38  46.6  81.0  33.7   2.7  5.2  3.0  0.7  2.7  1.5  24.1
Amare Stoudemire      55  37  50.5  71.3  16.7   9.3  1.6  3.7  1.7  3.7  1.3  23.7
Richard Jefferson     78  39  50.6  82.0  31.5   7.3  4.5  2.5  0.2  2.6  0.9  21.5
Doug Moe              79  37  42.8  80.4  30.9   7.2  3.3  3.1  1.5  2.5  1.7  18.6
Christian Laettner    81  35  46.6  83.4  11.7   8.8  2.7  3.6  1.0  3.5  1.3  18.1
Isiah Thomas          72  34  40.2  71.0  37.7   2.9  7.7  3.1  0.2  3.9  2.1  17.7
Billy Cunningham      74  28  45.7  75.9  35.6   5.7  2.7  3.1  0.6  2.8  1.8  17.0
Danny Manning         71  32  52.1  73.1   0.0   6.0  2.6  3.7  0.6  2.7  1.3  15.7
Dave DeJernett        80  36  48.9  62.8  20.0   9.0  3.9  3.4  1.9  2.2  1.3  15.0
Kevin Porter          19  36  42.8  74.1  35.7   2.1 10.8  4.1  0.2  3.4  1.8  12.5
Draymond Green        79  31  46.0  66.3  33.9   8.2  4.1  3.7  1.4  1.9  1.7  12.4
Hal Greer             77  24  53.5  77.8  34.6   2.1  1.9  2.5  0.3  1.1  1.0  11.6
Jack Sikma            82  27  45.1  78.0  33.3   7.6  1.6  3.4  0.5  1.9  0.7  10.2
Bill Laimbeer         80  23  46.9  80.4  39.4   7.7  1.2  3.3  0.8  1.4  0.5   8.9
-----------------------------------------------------------------------------------





                                        Oklahoma City Thunder
-----------------------------------------------------------------------------------
                       G  MIN  FG%   FT%   3P%   REB   A    PF  BLK   TO  STL   PTS
-----------------------------------------------------------------------------------

Demarcus Cousins      65  34  46.5  71.4  33.1  11.4  3.6  4.2  1.5  4.4  1.7  28.9
Allen Iverson         76  40  42.6  71.6  33.3   4.3  8.3  3.2  0.3  4.7  2.2  26.0
John Drew             74  36  48.8  71.5  32.9   8.4  1.9  3.4  0.4  2.7  1.3  23.5
Elgin Baylor          79  40  47.3  75.8  31.0  10.4  3.8  3.4  1.9  2.8  1.7  22.4
Arnie Risen           43  39  52.0  66.3  12.5  11.9  2.6  4.5  2.2  2.3  0.9  18.7
Goran Dragic          78  34  52.0  77.5  35.0   3.5  5.0  2.9  0.2  2.6  1.1  17.6
Goose Tatum           78  32  48.8  59.5  25.9   7.6  1.9  2.9  2.0  2.4  1.1  16.6
Xavier McDaniel       82  33  46.8  68.3  26.9   8.0  2.2  3.4  0.5  2.8  1.2  16.0
Tyreke Evans          25  30  44.7  79.3  39.3   5.1  7.2  3.0  0.4  3.4  1.4  15.9
Dwight Howard         71  32  63.7  48.7   0.0  11.7  1.5  3.5  1.7  2.7  1.1  14.9
Ron Artest            76  31  42.2  75.4  28.9   4.0  3.4  3.5  0.6  2.4  2.2  13.5
Serge Ibaka           78  32  49.3  75.0  32.6   6.8  0.9  3.1  2.0  1.6  0.5  13.2
Brevin Knight         80  31  45.6  81.9   0.0   3.3  9.2  3.5  0.2  2.6  2.5  10.0
Andrew Bynum          26  20  42.7  74.1   0.0   5.7  1.2  1.3  1.3  1.5  0.3   9.3
-----------------------------------------------------------------------------------





                                        Cleveland Cavaliers
-----------------------------------------------------------------------------------
                       G  MIN  FG%   FT%   3P%   REB   A    PF  BLK   TO  STL   PTS
-----------------------------------------------------------------------------------

Carmelo Anthony       72  35  44.7  82.5  33.6   7.7  4.6  2.9  0.6  2.8  0.9  23.1
Al Green              82  34  53.3  77.9  26.3   3.5  5.5  3.1  0.2  3.1  1.2  21.4
Chauncey Billups      79  35  42.5  89.1  39.4   3.2  7.5  2.2  0.3  2.6  1.4  19.0
Maurice Lucas         82  34  46.1  75.2  21.8   9.8  2.7  3.6  0.6  3.0  0.8  15.7
Devin Booker          76  28  43.6  83.6  34.1   2.4  2.9  3.4  0.3  2.4  0.6  14.5
Deron Williams        80  29  43.2  70.6  40.9   2.6  5.4  3.0  0.2  2.1  0.9  12.0
Nerlens Noel          67  29  53.7  58.5 100.0   8.0  2.0  3.3  1.6  2.7  1.9  12.0
Marcus Camby          62  31  52.1  71.1  25.0  11.7  2.4  2.3  2.3  1.8  1.0  11.3
Brent Barry           79  24  47.8  82.6  40.3   2.2  3.2  2.5  0.3  1.6  1.3  10.9
Tyson Chandler        55  30  60.7  62.8   0.0   9.8  1.2  3.0  1.3  1.5  0.8   9.5
Corey Maggette        77  18  49.6  75.3  21.4   4.0  0.9  2.2  0.3  1.9  0.3   9.2
Willie CauleyStein    66  21  57.9  64.4   0.0   5.3  0.6  2.5  1.1  0.8  0.8   7.5
Boris Diaw            66  18  44.0  74.4  18.2   2.7  2.6  1.9  0.3  1.5  0.7   5.3
Joakim Noah           29  22  39.7  49.1   0.0   8.7  4.1  3.0  1.1  2.1  0.7   4.6
-----------------------------------------------------------------------------------





                                        Orlando Magic
-----------------------------------------------------------------------------------
                       G  MIN  FG%   FT%   3P%   REB   A    PF  BLK   TO  STL   PTS
-----------------------------------------------------------------------------------

Mark Aguirre          80  33  48.0  76.0  40.5   5.3  3.0  2.9  0.4  2.6  1.1  25.9
Cedric Ceballos       58  35  50.8  73.0  38.8   8.4  1.9  2.2  0.3  2.6  1.1  23.1
Elton Brand           69  38  52.3  77.4   0.0  10.7  3.8  3.6  2.3  3.2  1.0  23.0
Paul Pierce           76  34  46.1  85.1  37.0   5.3  5.3  2.9  0.4  3.2  1.3  21.7
Jim Paxson            81  33  48.7  83.3  39.2   2.2  2.9  1.8  0.1  1.6  1.5  21.6
John Wall             77  36  43.7  78.7  34.9   4.9 11.3  2.4  0.8  4.7  2.1  20.9
Kenyon Martin         65  34  51.8  68.5  27.6   9.8  2.8  3.8  1.3  3.0  1.6  19.2
Mike Conley           73  33  46.1  81.2  35.5   3.0  6.7  2.2  0.2  2.3  1.7  18.3
Clarence Weatherspoon 78  39  48.8  76.1   0.0  10.2  2.2  2.8  1.4  2.4  1.6  18.1
Connie Hawkins        75  37  49.0  79.1  27.0   7.3  4.0  3.1  1.1  2.6  1.6  15.9
Marcin Gortat         82  30  59.0  70.4   0.0   8.8  1.3  2.7  1.5  1.4  0.7  13.3
MR Richardson         64  32  40.7  66.3  27.0   4.5  6.4  3.4  0.4  3.3  2.8  12.7
Wilt Chamberlain      82  43  74.2  50.6   0.0  16.0  4.3  2.4  3.4  2.2  0.9  12.5
Vlade Divac           80  30  49.1  70.9  24.1   7.4  3.9  3.2  1.4  2.2  1.1  11.2
-----------------------------------------------------------------------------------





                                        Toronto Raptors
-----------------------------------------------------------------------------------
                       G  MIN  FG%   FT%   3P%   REB   A    PF  BLK   TO  STL   PTS
-----------------------------------------------------------------------------------

Karl Malone           80  37  52.6  81.4   0.0   9.9  4.9  2.9  0.6  3.6  1.3  27.6
Michael Adams         66  35  38.8  86.5  32.8   3.9 10.4  2.5  0.1  3.7  2.2  27.5
Oscar Schmidt         77  33  47.1  78.6  37.3   5.7  1.8  2.7  0.4  2.3  1.1  26.3
Jason Richardson      75  38  45.8  67.9  37.9   6.2  3.7  2.8  0.6  2.5  1.6  25.7
Steve Smith           73  39  45.9  87.3  35.6   4.4  4.5  3.1  0.4  2.6  1.1  22.6
Larry Jones           73  40  42.7  80.0  30.8   3.8  6.9  2.7  0.4  2.7  1.8  21.9
Brad Daugherty        73  36  56.2  77.1   0.0  10.4  3.6  2.7  1.0  2.7  0.9  21.3
Pau Gasol             78  34  51.3  80.7  45.0  11.8  3.0  2.2  2.1  2.3  0.4  20.4
Clyde Drexler         62  36  45.3  76.5  34.7   6.4  6.4  2.5  0.6  2.6  2.0  19.9
Orlando Woolridge     70  32  47.4  78.5  24.4   5.0  2.9  2.4  0.7  2.3  0.7  19.6
Charles Barkley       68  33  50.2  76.2  21.9  12.2  3.6  2.9  0.4  2.3  1.1  17.0
Gary Payton           82  34  50.0  71.6  34.0   4.3  6.3  2.2  0.2  2.1  1.3  16.9
Mel Hutchins          75  34  51.3  64.7  27.3   6.0  2.8  2.2  2.1  1.7  0.9  12.9
Joe Lapchick          82  30  48.4  77.8  31.9   7.3  3.3  2.6  1.6  2.2  1.3  11.0
-----------------------------------------------------------------------------------





                                        Detroit Pistons
-----------------------------------------------------------------------------------
                       G  MIN  FG%   FT%   3P%   REB   A    PF  BLK   TO  STL   PTS
-----------------------------------------------------------------------------------

Shareef AbdurRahim    82  40  46.1  87.0  32.1   7.8  4.1  2.9  1.2  4.0  1.4  26.7
Dave Bing             77  39  45.0  75.3  31.6   3.8  7.5  3.0  0.4  3.1  1.7  22.3
Jimmy Butler          65  38  47.9  83.7  38.3   5.9  3.6  1.9  0.6  1.6  2.0  22.0
Damon Stoudamire      70  41  42.9  81.4  38.0   4.2 10.1  2.4  0.3  4.0  1.5  20.5
Julius Erving         78  32  46.8  75.4  28.6   5.3  2.8  2.4  1.4  2.5  1.8  18.7
WorldB Free           78  29  45.8  72.0  29.9   2.8  3.5  2.4  0.3  2.3  0.9  16.1
Bob Brannum           71  40  44.7  72.9  28.4  11.0  3.9  4.1  2.3  2.2  1.5  13.7
John Stockton         64  29  54.7  84.4  43.5   2.7  9.5  2.2  0.2  2.7  1.4  13.5
Sam Cassell           58  24  42.5  88.1  28.8   3.1  5.4  2.3  0.2  1.9  0.6  13.4
Tom Gola              77  36  50.2  76.5  32.9   6.3  4.0  3.7  1.1  2.2  1.5  12.9
Bill Walton           35  33  52.3  67.5   0.0  11.7  4.9  3.1  3.3  3.1  0.8  12.7
Zelmo Beaty           60  33  47.8  77.3  33.3   8.1  1.6  3.9  1.5  2.0  0.6  12.2
Jordan Hill           72  21  56.4  68.1   0.0   7.6  0.8  2.7  1.0  1.2  0.5  10.5
Kevin McHale          82  20  51.2  68.0  11.8   4.4  0.6  2.9  1.8  1.2  0.3   9.4
-----------------------------------------------------------------------------------





                                        Rochester Royals
-----------------------------------------------------------------------------------
                       G  MIN  FG%   FT%   3P%   REB   A    PF  BLK   TO  STL   PTS
-----------------------------------------------------------------------------------

Jack Twyman           82  40  48.0  80.3  34.5   6.2  3.8  3.3  1.1  3.0  1.3  28.3
Jim Jackson           51  39  47.1  82.3  31.5   5.3  3.9  1.8  0.2  3.3  0.6  27.2
Stephon Marbury       74  39  44.9  81.7  28.2   3.3  9.3  2.6  0.2  3.9  1.6  24.5
Spencer Haywood       73  43  47.2  82.5  25.0  10.7  2.1  2.8  1.9  2.7  0.9  24.2
Pete Maravich         79  36  42.7  79.7  37.2   4.9  6.4  2.7  0.3  3.3  1.5  24.0
Clifford Robinson     75  36  45.2  70.9  36.4   5.9  2.8  3.2  1.1  2.2  1.1  22.7
Vince Carter          82  35  48.0  78.9  30.3   5.9  3.5  2.9  1.6  2.4  1.1  21.3
Otis Birdsong         82  34  48.9  72.8  33.2   4.2  3.3  2.9  0.2  2.0  1.5  20.8
Sherman White         80  34  50.7  69.1  28.9   8.4  1.8  3.6  1.6  2.3  1.0  20.0
Larry Kenon           81  35  48.6  85.4  37.5   8.8  3.2  2.4  0.3  2.8  1.3  19.4
Elmore Smith          76  37  49.3  55.4   0.0  10.7  2.5  3.9  4.8  2.4  1.0  17.1
Larry Costello        80  39  51.5  79.9  34.6   3.7  6.8  3.4  0.5  2.0  1.8  16.1
Billy Paultz          75  34  50.0  71.6   0.0   8.6  2.3  3.0  2.1  2.1  0.8  15.2
Rasheed Wallace       80  29  54.2  75.6  43.3   5.2  1.5  3.8  1.2  1.8  1.0  15.1
-----------------------------------------------------------------------------------





                                        KC-Omaha Kings
-----------------------------------------------------------------------------------
                       G  MIN  FG%   FT%   3P%   REB   A    PF  BLK   TO  STL   PTS
-----------------------------------------------------------------------------------

Benny Borgmann        74  39  45.7  80.3  35.2   3.3  3.5  2.7  0.3  3.6  2.1  28.4
Mel Riebe             80  32  48.2  76.4  32.7   2.7  3.5  2.0  0.1  2.9  1.1  23.1
Chris Bosh            44  35  47.7  77.3  37.7   7.1  2.4  1.8  0.6  2.5  1.0  22.8
Purvis Short          67  36  46.7  84.4  38.3   5.2  3.2  3.3  0.2  2.5  1.4  20.7
Bob Kurland           79  34  54.2  58.0   0.0   9.6  3.0  3.4  3.1  2.7  0.9  19.3
Eddie Jones           80  36  50.0  78.3  39.4   4.0  3.4  2.1  0.7  2.0  2.1  19.1
Bernie Price          61  30  50.7  67.7  23.8   6.2  1.5  3.2  1.2  2.3  0.8  18.4
Larry Foust           78  34  45.3  76.0  30.9  10.6  2.6  3.2  2.0  2.2  1.2  16.8
Mel Daniels           77  37  50.2  69.8   5.3  12.4  2.6  3.3  2.1  2.8  0.9  16.4
Bailey Howell         76  31  51.6  83.8  31.2   7.6  1.2  3.1  1.7  2.1  1.0  16.3
Terry Tyler           82  32  45.0  75.4  24.0   7.4  1.5  2.8  2.7  1.9  1.2  11.6
Bill Bridges          81  30  42.3  70.9  29.2   7.9  2.8  3.1  1.5  2.2  1.1  10.7
Don Buse              82  31  47.5  77.5  39.3   2.5  4.1  1.7  0.2  1.0  1.8   8.5
Nate McMillan         82  28  46.2  63.1  38.3   5.0  7.2  3.5  0.5  2.3  1.7   6.4
-----------------------------------------------------------------------------------





                                        Boston Celtics
-----------------------------------------------------------------------------------
                       G  MIN  FG%   FT%   3P%   REB   A    PF  BLK   TO  STL   PTS
-----------------------------------------------------------------------------------

James Harden          82  38  45.3  85.5  35.9   6.1  8.2  3.2  0.7  5.2  1.9  30.7
Gordon Hayward        80  36  44.7  82.0  34.7   4.9  4.1  2.6  0.4  2.9  1.3  20.8
Brandon Knight        53  35  42.7  84.4  34.3   3.8  5.5  2.7  0.4  3.8  1.3  19.8
Dave Cowens           82  42  46.2  77.4  25.3  13.9  4.0  3.9  1.4  2.4  1.3  19.5
LaMarcus Aldridge     74  30  52.9  85.2   0.0   8.5  1.6  2.3  1.2  1.5  0.6  19.4
Jahlil Okafor         53  30  52.3  68.0  25.0   7.0  1.4  3.0  1.2  2.7  0.5  18.8
Victor Oladipo        72  33  45.2  82.3  34.8   4.8  4.3  2.8  0.8  2.4  1.8  16.8
Ken Norman            70  33  49.9  62.3  45.2   6.8  2.3  2.8  0.9  2.8  1.1  15.8
Kristaps Porzingis    72  28  43.4  83.5  33.1   7.3  1.4  3.3  2.0  1.9  0.8  15.0
Julius Randle         81  28  44.1  71.0  26.9  10.2  2.0  3.4  0.4  2.1  0.7  12.2
Elfrid Payton         73  29  44.9  58.4  31.8   3.5  7.1  2.5  0.3  2.8  1.3  11.3
Evan Turner           81  28  46.9  82.2  23.3   4.9  4.9  2.0  0.4  2.4  1.1  11.2
Jared Sullinger       81  23  44.8  63.9  28.0   8.3  2.5  3.0  0.6  1.4  1.0  10.9
Mark Jackson          82  31  44.1  78.8  33.6   3.8  9.1  1.8  0.1  2.5  1.1   8.7
-----------------------------------------------------------------------------------





                                        Syracuse Nationals
-----------------------------------------------------------------------------------
                       G  MIN  FG%   FT%   3P%   REB   A    PF  BLK   TO  STL   PTS
-----------------------------------------------------------------------------------

LeBron James          76  35  53.7  72.8  30.5   7.4  7.4  2.2  0.7  3.8  1.5  26.9
Demar DeRozan         78  36  46.0  84.5  34.0   4.4  4.4  2.4  0.3  2.6  1.2  25.4
Reggie Miller         81  39  46.3  93.3  36.5   3.6  3.6  2.1  0.2  1.9  1.1  21.4
Vern Mikkelsen        82  35  54.9  79.2  33.3   8.5  2.4  3.3  1.8  2.0  1.4  18.0
Steve Nash            81  33  51.1  92.9  42.4   3.4 12.7  1.5  0.2  4.2  0.6  17.5
Maurice Stokes        82  38  42.6  66.7  28.9  13.7  6.0  3.7  2.4  2.5  1.4  16.5
Stan Patrick          80  26  50.9  74.2  33.2   3.3  2.9  2.1  0.5  1.8  0.9  15.4
Swen Nater            78  35  50.1  76.7  33.3  12.2  2.7  3.2  0.6  2.4  0.5  14.6
Red Kerr              82  29  48.6  66.2  27.3   6.7  1.2  2.0  1.3  1.6  0.6  14.1
Calvin Murphy         77  22  47.4  88.2  32.2   1.7  3.3  2.8  0.1  1.2  1.2  12.9
Scottie Pippen        64  33  47.6  74.4  34.2   5.3  5.2  2.6  0.5  2.8  1.6  12.8
Paul Pressey          75  33  47.7  78.5  24.4   5.0  6.7  3.0  0.4  2.6  1.5  12.8
David Robinson        64  26  49.3  70.8   0.0   8.2  1.1  2.1  1.8  1.5  0.9   9.6
Dennis Rodman         77  15  52.8  58.3   0.0   4.3  0.7  2.0  0.6  1.2  0.5   6.1
-----------------------------------------------------------------------------------





                                        Washington Wizards
-----------------------------------------------------------------------------------
                       G  MIN  FG%   FT%   3P%   REB   A    PF  BLK   TO  STL   PTS
-----------------------------------------------------------------------------------

Paul George           81  35  43.1  85.5  36.9   6.9  4.5  3.2  0.4  3.8  2.1  24.2
Bob Lanier            80  38  50.6  77.3  23.1  12.0  3.2  3.6  3.4  3.4  1.5  23.7
Klay Thompson         80  33  48.4  86.7  42.4   3.8  2.3  2.2  0.7  2.0  0.8  22.7
Kemba Walker          81  35  44.0  84.3  36.9   4.4  5.7  1.6  0.5  2.4  1.7  21.8
Patrick Ewing         62  34  46.4  73.0   0.0  10.4  1.4  2.9  2.8  2.8  0.8  20.2
Jerry Lucas           81  43  48.8  81.7  33.9  14.8  2.8  3.0  1.5  2.2  1.1  19.3
Leroy Loggins         82  36  51.4  75.7  25.0   6.2  1.8  3.3  0.9  3.1  1.4  19.0
Jeff Teague           73  30  47.8  86.6  34.4   2.5  7.8  2.2  0.5  3.2  1.9  17.4
George Glamack        78  34  49.0  72.0  30.0   8.0  2.8  2.9  1.7  1.9  1.1  17.0
Derek Harper          77  33  48.6  67.6  40.9   2.6  7.5  2.4  0.3  1.7  2.2  16.2
Reggie Jackson        80  28  45.2  88.9  33.2   4.0  4.6  2.0  0.1  2.4  1.2  13.9
Andrei Kirilenko      80  27  51.7  79.3  32.8   5.4  2.0  2.5  2.3  2.0  1.6  13.6
Willie Wise           80  32  45.8  66.9  34.0   7.0  2.8  3.3  0.5  1.9  1.3  13.1
Inman Jackson         45  28  51.8  59.5  28.6   7.8  2.1  2.8  1.4  2.0  0.7  13.0
-----------------------------------------------------------------------------------





                                        Brooklyn Nets
-----------------------------------------------------------------------------------
                       G  MIN  FG%   FT%   3P%   REB   A    PF  BLK   TO  STL   PTS
-----------------------------------------------------------------------------------

Leroy Edwards         42  37  48.2  77.1  28.8   9.3  2.4  3.2  1.5  3.7  2.1  27.4
Ed Macauley           81  36  54.6  75.7  32.4   7.2  3.3  2.8  1.5  2.2  1.3  18.3
Nat Holman            72  27  45.6  82.2  35.1   2.6  3.6  1.9  0.3  2.5  1.5  15.2
Zach LaVine           82  28  46.4  78.8  38.8   2.8  3.4  2.7  0.2  2.2  0.9  14.5
Horse Haggerty        72  31  52.9  56.1  14.3   9.3  1.5  3.0  2.7  2.5  0.8  13.9
D'Angelo Russell      80  28  42.3  73.5  35.2   3.4  3.7  2.0  0.2  2.8  1.3  13.6
Ruben Patterson       75  23  53.9  70.2  23.8   4.1  1.6  2.0  0.5  1.8  1.2  12.6
Derrick Coleman       11  27  40.9  61.8  30.4   6.9  3.1  2.7  0.9  2.6  0.4  12.0
Myles Turner          60  23  51.3  72.2  22.2   5.5  0.8  3.0  1.5  1.3  0.5  11.0
Stanley Johnson       73  23  38.6  78.5  30.6   4.2  1.8  2.8  0.2  1.8  0.8   8.4
Justise Winslow       78  28  43.8  68.3  27.7   5.1  1.7  2.7  0.4  1.4  1.0   6.8
Mario Hezonja         79  18  44.7  90.6  34.6   2.2  1.5  1.8  0.2  1.4  0.5   6.2
Clint Capela          12   7  50.0  17.9   0.0   3.0  0.2  1.3  0.8  0.5  0.1   2.9
Dante Exum             1   1   0.0   0.0   0.0   0.0  0.0  1.0  0.0  0.0  0.0   0.0
-----------------------------------------------------------------------------------





